data/20140501-wind-isobaric-500hPa-gfs-1.0.json
{"header": {"discipline":0,"disciplineName":"Meteorological products","gribEdition":2,"gribLength":134623,"center":7,"centerName":"US National Weather Service - NCEP(WMC)","subcenter":0,"refTime":"2014-05-01T06:00:00.000Z","significanceOfRT":1,"significanceOfRTName":"Start of forecast","productStatus":0,"productStatusName":"Operational products","productType":1,"productTypeName":"Forecast products","productDefinitionTemplate":0,"productDefinitionTemplateName":"Analysis/forecast at horizontal level/layer at a point in time","parameterCategory":2,"parameterCategoryName":"Momentum","parameterNumber":3,"parameterNumberName":"V-component_of_wind","parameterUnit":"m.s-1","genProcessType":2,"genProcessTypeName":"Forecast","forecastTime":9,"surface1Type":100,"surface1TypeName":"Isobaric surface","surface1Value":50000,"surface2Type":255,"surface2TypeName":"Missing","surface2Value":0,"gridDefinitionTemplate":0,"gridDefinitionTemplateName":"Latitude_Longitude","numberPoints":65160,"shape":6,"shapeName":"Earth spherical with radius of 6,371,229.0 m","gridUnits":"degrees","resolution":48,"winds":"true","scanMode":0,"nx":360,"ny":181,"basicAngle":0,"subDivisions":0,"lo1":0,"la1":90,"lo2":359,"la2":-90,"dx":1,"dy":1}, "data":
[rows 108 to 143 of 181, columns 160 to 239 of 360]
1.84,1.96,2.02,2.13,2.4,2.86,3.25,3.04,1.44,-0.79,-1.2,-1.35,-1.36,-1.24,-1.49,-2.68,-4.21,-5.93,-8.2,-9.62,-10.28,-8.58,-7.02,-5.83,-4.69,-1.84,-2,-2.81,-2.03,-0.08,-0.05,-1.94,-2.83,-4.29,-6.59,-7.09,-5.44,-1.97,-0.01,0.27,1.32,1.93,3.01,3.42,2.27,3.03,2.89,2.02,0.75,-0.58,-0.48,0.13,0.31,0.73,0.98,1.03,0.71,0.07,-0.5,-2.2,-4,-5.77,-6.8,-7.76,-7.82,-5.5,-1.96,-4.67,-7.45,-5.87,-6.66,-5.44,-5.56,-6.09,-6.15,-5.7,-5.03,-3.64,-2.38,-1.56
2.01,0.98,0.68,1.14,1.84,2.05,2.56,2.58,1.67,-0.59,-1.79,-1.84,-1.71,-1.59,-0.84,-0.55,-0.74,-2.47,-5.54,-7.12,-9.87,-11.18,-9.55,-8.16,-6.62,-4.58,-2.47,-1.42,-1.99,-1.57,-0.27,-1.44,-2.94,-2.97,-3.55,-4.14,-2.9,-0.78,0.55,0.39,0.6,2.44,3.59,2.02,2.43,3.52,3.32,2.09,0.51,-0.16,-0.11,-0.01,0.03,0.94,2.14,2.41,1.85,0.8,-0.79,-2.58,-4.65,-6.35,-8.13,-9.26,-10.28,-8.48,-5.85,-4.34,-6.99,-8.17,-7.32,-6.78,-7.19,-7.93,-8.38,-7.83,-6.32,-5.07,-4.07,-2.91
3.07,1.96,0.57,-0.09,0.42,1.33,1.79,1.78,1.05,-0.55,-1.21,-2.71,-3.29,-2.1,-0.83,-0.48,-0.13,-0.06,-1.7,-3.83,-6.02,-9.42,-10.4,-9.56,-8.22,-5.82,-4.04,-2.81,-2.04,-0.4,0.29,-1.98,-1.96,-2.95,-2.56,-1.46,0.02,1.57,1.97,1.98,2.48,2.52,1.76,1.71,3.08,3.75,3.8,1.79,0.06,0.27,1.47,2.35,2.64,3.1,3.6,3.48,1.67,-0.67,-2.58,-4.02,-5.06,-6.14,-8.36,-10.74,-12.11,-11.64,-9.27,-6.2,-8.78,-9.31,-9.47,-6.93,-7.74,-9.98,-9.79,-8.9,-7.52,-6.6,-5.41,-3.85
3.35,1.8,0.44,-0.72,-1.6,-0.49,0.12,0.37,-0.14,-1,-2.12,-4.43,-4.04,-2.14,-0.5,-0.11,0.12,0.36,0.7,-0.78,-2.96,-5.75,-8.83,-9.6,-9.48,-7.62,-6.2,-5.86,-5.85,-3.32,-0.13,-0.6,-0.57,-1.79,-2.84,-1.9,0.25,1.77,2.76,2.99,2.46,1.45,0.61,1.86,2.44,3.44,3.08,1.23,0.45,1.73,2.8,2.94,2.9,3.69,4.53,3.69,1.49,-1.07,-3.67,-5.46,-6.67,-7.62,-8.74,-11.18,-13.51,-14.35,-12.77,-9.75,-8.28,-10.83,-11.88,-7.2,-7.67,-11.62,-11.96,-10.56,-9.05,-7.74,-6.63,-4.73
1.61,1.58,1.79,-0.3,-3.17,-3.54,-2.51,-1.41,-1.46,-2.36,-3.13,-4.74,-4.45,-1.93,0.45,0.08,-0.1,0.97,1.94,1.29,-1.09,-3.38,-6.08,-7.94,-9.11,-9.04,-7.77,-6.1,-5.03,-3.93,-2.05,-0.34,-0.69,-1.37,-2.02,-1.2,0.69,2.6,3.96,3.33,2.25,0,-0.15,0.81,1.86,4.04,3.4,2.6,3.74,5.47,6.09,6.39,7.2,8.48,9.88,9.68,6.22,0.3,-4.41,-7.41,-10.05,-11.29,-12.2,-12.84,-14.52,-15.93,-15.94,-13.34,-10.47,-12.01,-13.84,-8.81,-8.69,-12.41,-13.42,-11.99,-10.42,-9.07,-7.72,-5.24
0.52,-0.55,0.33,0.99,-1.33,-4.72,-5.06,-4.54,-3.47,-3.94,-5.17,-5.08,-4.57,-2.86,-0.64,0.08,0.3,1.68,2.46,2.42,1,-2.01,-4.37,-6.91,-8.76,-9.62,-9.56,-9.06,-6.24,-3.98,-4.17,-3.49,-1.86,-3.57,-2.78,-1.48,0.76,3.3,4.12,3.07,2.28,1.23,-0.43,0.57,3.41,4.64,2.71,3.49,5.75,7.57,8.91,10.59,13.49,15.38,14.51,11.66,6.55,0.66,-4.83,-8.32,-10.77,-13.68,-15.34,-16.32,-16.63,-16.88,-17.29,-15.83,-14.89,-12.82,-16.57,-11.68,-10.14,-13.34,-14.29,-12.99,-11.82,-10.56,-8.77,-6.26
0.27,-1.1,-0.09,-0.33,-2.79,-4.35,-6.16,-6.26,-5.63,-5.14,-6.09,-5.88,-5.35,-4.39,-3.01,-1.84,-0.24,0.92,1.67,2.5,2.87,0.59,-3.07,-6,-7.49,-7.46,-5.62,-6.7,-6.24,-3.9,-2.26,-5.2,-8.18,-6.13,-3.51,-2.05,0.35,2.4,3.14,4.08,3.88,2.04,-0.16,2.02,3.96,2.97,2.92,5.48,8.58,11.09,13.78,17.27,18.63,18.15,17.25,14.3,8.57,2.57,-3.02,-7.88,-10.42,-12.66,-15.82,-18.84,-20.05,-19.48,-18.01,-17.01,-18.53,-15.64,-16.94,-17.18,-11.41,-14.44,-15.52,-14.09,-12.29,-11.51,-9.58,-7.05
1.95,-1.06,-5.27,-3.73,-6.25,-5.48,-6.29,-6.41,-6.08,-5.76,-6.33,-6.51,-6.13,-5.42,-4.58,-3.5,-0.96,1.05,1.65,1.78,2.38,2.18,0.52,-2.02,-4.18,-4.96,-4.61,-4.12,-4.46,-3.43,-2.41,1.67,-7.55,-7.76,-3.99,-2,-0.19,1.39,2.36,3.94,4.79,5.02,1.74,3.16,2.48,2.69,5.37,8.66,11.67,15.26,19.05,20.39,19.51,17.47,16.73,12.99,7.16,3.2,-0.81,-5.74,-10.55,-13.5,-16.07,-19.31,-21.78,-22.6,-20.3,-18.77,-21.23,-21.2,-19.59,-20.92,-14.61,-14.43,-16.54,-14.79,-12.3,-11.8,-10.44,-8.24
0.09,-0.14,-2.7,-6.12,-6.45,-6.21,-5.56,-5.9,-6.08,-6.4,-6.67,-6.6,-6.45,-5.75,-5.13,-4.08,-1.79,0.5,2.47,2.43,1.88,2.21,1.89,0.97,-0.3,-1.78,-3.03,-3.86,-4.7,-5.16,-3.76,-1.32,1.03,-5.45,-5.34,-2.63,-0.51,0.99,1.44,2.56,3.37,2.25,2.66,0.73,1.48,4.47,7.51,11.17,15.06,19.22,21.81,20.81,16.8,16.04,16.85,10.02,5.87,4.48,1.87,-2.96,-8.51,-13.67,-16.84,-19.88,-22.32,-24.43,-23.62,-21.46,-21.51,-23.65,-19.68,-21.23,-18.28,-14.7,-16.76,-16.13,-13.26,-11.89,-11.32,-9.44
-0.82,-1.15,-2.05,-3.82,-6.18,-8.4,-6.59,-6.32,-6.81,-6.87,-6.37,-5.92,-5.64,-5.46,-4.98,-3.94,-2.59,0.08,1.38,1.09,1.36,2.08,2.61,2.12,0.79,-0.5,-1.42,-2.61,-4.63,-6.57,-6.89,-7.27,-3.61,-0.35,-7.54,-5.79,-3.09,-3.2,-1.56,1.61,0.28,0.52,-1.62,-1.39,2.91,5.88,10.03,13.94,17.45,21.92,23.11,19.72,15.97,16.37,14.25,8.06,5.25,3.33,3.32,0,-5.69,-11.88,-17.77,-20.59,-22.76,-24.98,-26.5,-24.77,-22.06,-24.63,-22.64,-19.7,-20.45,-16.85,-16.24,-17.07,-14.12,-12.1,-11.45,-10.2
-0.36,-0.14,-1.95,-4.63,-6.65,-9.02,-8.47,-7.49,-7.37,-6.83,-5.46,-4.37,-4.41,-5.12,-4.52,-3.75,-3.32,-2.95,-1.59,0.55,1.84,2.76,3.9,5.13,5.56,4.38,0.93,-2.88,-5.06,-6.93,-7.59,-7.81,-5.08,-1.97,0.77,-7.19,-5.44,-6.25,-2.27,2.55,4.94,1.92,-1.46,1.66,4.01,8.04,12.65,15.27,19.82,22.94,22.27,19.66,15.51,14.78,11.9,5.71,1.94,1.65,2.79,-0.5,-4.69,-7.57,-14.31,-22.46,-24.42,-26.05,-27.82,-27.82,-24.22,-23.59,-23.25,-19.41,-21.4,-21.67,-16.57,-17.67,-15.12,-12.25,-10.82,-9.83
-1.11,-0.96,-1.54,-2.66,-3.63,-8.03,-10.16,-9.82,-8.11,-6.87,-5.54,-4.01,-2.59,-4,-5.1,-5.58,-6.56,-4.91,-1.91,0.05,1.54,3.02,4.29,5.72,7.57,9.06,8.64,3.95,-3.71,-7.65,-8.69,-7.2,-5.9,-4.13,-3.74,-2.68,-1.9,1.82,5.46,6.58,0.61,-3.59,-0.73,1.72,5.75,10.73,13.4,17.02,21.38,22.21,21.86,19.29,13.41,13.82,10.22,3.9,4.93,5.56,5.3,0.91,-5.33,-12.13,-13.83,-21.19,-27.44,-28.63,-29.11,-30.06,-26.62,-24.47,-25.1,-20.49,-17.06,-24.29,-19.93,-17.78,-17.39,-13.45,-10.52,-9.37
-1.07,-1.98,-3.01,-4.08,-0.25,-6.89,-12.58,-12.05,-9.66,-6.51,-5.52,-5.3,-5.72,-4.32,-6.2,-8.93,-7.42,-4.07,-0.93,1.01,2.63,4.01,6.24,8.49,10.34,12.41,13.31,11,1.6,-7.5,-9.58,-10.08,-10.03,-7.33,-4.51,-8.27,3.01,5.33,4.01,-0.75,-4.86,-3.41,-0.76,3.02,8.31,11.88,14.96,19.86,22.22,22.13,21.78,17.38,11.85,13.01,9.52,5.17,8.99,10.24,8.16,3.47,-4.58,-15.23,-18.69,-21.09,-29.36,-31.26,-30.73,-31.26,-28.52,-25.53,-26.29,-22.95,-13.39,-20.53,-24.4,-18.59,-18.19,-15.22,-11.68,-9.79
0.17,0.3,1.83,-2.2,1.39,-2.91,-14.96,-12.39,-9.34,-6.11,-7.68,-6.61,-6.88,-7.26,-10.5,-10.43,-6.85,-2.37,0.53,2.25,4.12,6.14,8.15,9.89,11.28,13.78,16.43,12.78,5.91,-4.52,-10.57,-10.69,-8.68,-7.78,-4.97,-6.94,0.63,2.03,0.29,-5.74,-6.2,-2.95,0.17,5.54,10.07,13.39,18.3,22.38,22.81,22.75,19.84,15.16,10.69,12.15,9.6,9.39,12.67,13.16,9.76,2.17,-6.58,-16.53,-21.24,-22.37,-30.5,-34.15,-32.42,-32.03,-29.66,-26.72,-25.77,-23.85,-21.91,-16.76,-23.49,-21.23,-18.02,-16.75,-13.37,-10.67
-0.55,0.96,0.3,-0.1,1.73,2.04,-13.39,-11.19,-8.6,-7.02,-11.34,-7.7,-3.79,-9.23,-12.71,-9.48,-5.79,-1,0.82,2.53,4.84,6.85,9.51,12.27,13.23,14.08,15.88,11.83,3.62,0.49,-6.93,-5.19,-7.63,-9.46,-11.66,-9.21,-3.14,-2.14,-5.75,-8.89,-5.34,-2.14,2.46,7.59,11.29,15.8,21.46,23.47,23.81,22.86,18,12.35,9.91,11.47,10.54,13.04,17.46,16.66,10.67,0.83,-6.84,-15.87,-21.87,-22.98,-30.49,-35.95,-33.88,-32.29,-30.55,-27.87,-26.72,-25.08,-15.51,-20.93,-19.76,-22.78,-19.09,-17.63,-15.21,-11.97
-1.15,0.13,0.97,-1.03,-3.1,-0.94,-3.62,-11.87,-9.26,-8.09,-7.97,-8,-3.93,-8.18,-10.75,-7.33,-4.06,-0.32,1.47,3.6,6.2,8.98,11.64,13.18,13.27,13.85,12.69,5.33,-1.21,-11.69,-28.93,-23.01,-26.85,-20.2,-11.75,-4.6,-3.85,-6.24,-10.89,-8.78,-4.94,-1.18,4.36,9.26,12.97,19.09,23.17,24.05,24.91,21.4,15.2,10.08,9.42,10.79,10.38,14.83,16.89,16.52,7.01,-0.33,-5.46,-13.17,-19.82,-24.22,-30.09,-35.82,-34.89,-32.36,-30.32,-27.67,-26.87,-24.28,-11.89,-17.72,-14.55,-18.61,-20.62,-18.12,-16.07,-12.42
-0.9,-1.25,-1.29,-0.46,-3.45,-5.63,-3.81,-7.21,-11.35,-9.21,-7.64,-5.8,-5.09,-7.57,-8.04,-4.37,-2.07,0.96,2.85,5.61,9.02,12.21,14.18,14.35,14.08,14.42,11.48,-1.27,-14.44,-26.72,-16.8,-24.59,-8.14,-7.35,-7.19,-6.57,-6.15,-11.09,-12.94,-8.43,-4.78,0.35,6.2,9.78,15.53,21.7,23.95,25.69,24.6,17.81,12.26,8.85,9.05,10.29,9.1,9.79,6.88,15.33,10.58,-0.6,-4.95,-11.17,-18.37,-23.58,-27.97,-34.68,-34.8,-31.9,-29.91,-27.57,-25.23,-22.19,-14.09,-12.34,-13.6,-15.82,-19.13,-20.18,-15.43,-12.02
-1.69,-1.97,-2.89,-2.63,-2.97,-5.49,-7.3,-5.39,-10.43,-11.09,-7.56,-5.67,-7.16,-7.15,-6.16,-2.85,-0.57,1.46,4.34,8.5,12.52,15.32,16.72,16.7,17.21,16.35,10.55,-3.02,-21.28,-26.32,-10.92,-18.21,-14.26,-13.64,-9.26,-7.51,-9.24,-14.52,-12.98,-8.65,-4.48,1.68,6.46,10.81,18.61,22.23,24.86,25.7,20.71,13.48,11.18,8.91,9.15,9.4,6.35,6.36,7.84,8.8,10.21,3.05,-5.84,-11.4,-16.16,-20,-26.42,-33.93,-33.02,-30.3,-28.35,-26.91,-24.07,-20.08,-18.86,-15.51,-17.09,-18.63,-11.99,-17.18,-16.49,-13.35
-1.58,-3.13,-4.26,-4.79,-5.45,-4.97,-8.01,-9.44,-7.52,-12.02,-10.63,-6.1,-7.6,-7.32,-5.09,-2.34,-0.04,3.68,8.68,13.49,16.96,19.08,20.72,21.48,20.72,16.7,6.9,-8.13,-23.31,-25.91,-19.56,-16.15,-19.74,-17.76,-13.63,-8.96,-9.97,-15.18,-12.76,-8.68,-3.97,2.37,6.06,13.7,19.33,22.2,24.91,22.99,15.93,12.09,11.18,9.7,9.51,7.49,3.33,4.52,4.52,5.36,5.74,3.68,-2.75,-10.1,-14.25,-18.53,-26.04,-28.11,-29.06,-27.76,-25.92,-23.62,-22.07,-17.88,-13.67,-14.81,-19.84,-17.09,-10.73,-9.47,-10.65,-10.52
-0.92,-3.11,-5.74,-7.07,-7.55,-7.63,-6.56,-10.23,-8.65,-6.77,-10.09,-10.16,-7.85,-7.42,-4.4,-1.84,2.87,8.54,14.03,17.84,20.51,23.47,25.68,24.28,17.86,8.54,-0.87,-11.09,-18.33,-18.17,-22.62,-13.66,-23.94,-20.31,-15.42,-9,-11.26,-16.05,-12.97,-8.92,-2.98,1.78,7.32,14.82,18.18,21.82,23.29,19.42,13.64,11.71,11.88,10.14,9.17,5.31,0.91,2.89,1.71,0.93,3.19,-0.05,0.54,-5.78,-11.81,-18.23,-26.21,-26.95,-26.21,-22.62,-22.22,-21.09,-19.84,-12.76,-12.76,-13.15,-13.47,-11.46,-9.96,-11.4,-11.51,-10.55
2.4,-0.62,-5.95,-10.3,-11.08,-10.78,-8.8,-9.51,-12.33,-8.16,-6.65,-12.7,-8.97,-7.52,-4.36,0.61,6.91,12.66,17.98,20.83,24.44,28.16,28.03,19.37,7.04,0.94,-4.24,-9.32,-13.45,-20.64,-28.29,-14.65,-26.47,-21.77,-16.01,-10.25,-13.02,-16.72,-13.51,-8.98,-2.65,1.34,8.4,13.44,16.41,19.93,21.31,18.95,13.81,12.49,11.21,9.49,8.16,3.93,-1.11,0.02,-0.44,1.08,-2.21,-3.07,-4.7,-5.61,-8.34,-13.9,-17.37,-18.36,-19.54,-13.21,-14.18,-17.23,-18.12,-11.2,-12.57,-12.03,-13.55,-12.41,-11.11,-7.36,-4.57,-3.15
5.07,2.05,-2.25,-10.57,-17.64,-15.75,-13.25,-11.19,-13.44,-10.32,-8.14,-12.71,-9.78,-7.79,-2.89,3.92,10.05,15.9,19.84,23.48,28.69,31.22,22.78,10.82,2.49,-1.71,-6.21,-10.77,-16.84,-21.72,-30.77,-18.21,-27.75,-23.63,-16.1,-11.67,-15.59,-17.29,-14.29,-8.85,-2.96,1.06,8.37,11.09,14.47,17.24,19.48,19.96,16.17,12.94,10.06,8.27,7.27,2.93,-2.91,-1.89,-5.73,-2.47,-0.07,-3.46,-8.88,-16.13,-13.9,-11.7,-12.9,-13.74,-14.11,-11.15,-8.27,-8.9,-10.69,-7.09,-1.18,4.09,-4.58,-5.4,-7.94,-8.04,-5.35,-2.69
2.84,3,-0.86,-4.87,-18.29,-23.08,-17.86,-14.12,-15.48,-12.29,-11.35,-12.13,-10.33,-6.89,-0.29,6.99,13.02,18.02,21.44,27.37,32.35,28.59,14.39,7.35,1.92,-4.05,-7.68,-12.71,-19.06,-18.17,-25.35,-23.25,-26.66,-25.54,-15.15,-12.64,-18.8,-18.7,-15.01,-8.17,-3.93,0.39,7.51,8.95,12.13,14.98,16.68,17.61,17.54,13.05,9.79,8.39,7.09,2.21,-4.4,-3.98,-3.04,-4.71,-4.08,-4.16,-4.03,-5.59,-8.6,-10.29,-10.43,-10.7,-10.18,-7.91,-5.79,-5.48,-5.09,-3.67,-1.64,-0.87,-1.6,-1.72,-1.02,-0.76,-1.4,-1.15
5.7,3.62,-2.97,-8.4,-15.66,-27.65,-21.97,-17.37,-18.55,-15.4,-13.93,-12.74,-10.7,-5.12,2.44,8.5,14.61,18.82,23.46,30.36,32.26,21.51,9.33,4.49,0.03,-3.69,-8.56,-14.91,-20.21,-16.66,-17.85,-22.52,-25.25,-24.43,-13.79,-13.76,-20.84,-19.81,-15.27,-8.65,-5.38,-0.69,6.28,7.62,9.35,13.4,15.29,15.37,15.58,16.18,11.7,8.44,6.25,2.03,-4.62,-6.68,-3.81,-3.38,-5.23,-5.54,-5.81,-6.38,-6.97,-7.73,-8.82,-9.55,-9.32,-8.45,-7.29,-6.18,-5.54,-5.17,-4.3,-3.47,-2.81,-2.21,-1.61,-1.01,-0.13,0.78
10.83,6.84,-5.13,-14.15,-19.58,-29.31,-24.05,-21.54,-21.34,-17.64,-15.5,-13.97,-9.52,-3.07,3.89,9.98,15.8,19.04,25.23,31.58,27.9,13.87,7.39,4.86,1.33,-2.67,-8.63,-15.92,-19.4,-21.13,-24.79,-22.7,-23.44,-25.17,-15.67,-14.2,-21.26,-20.43,-15.57,-9.56,-6.45,-2.29,4.59,7.14,7.21,10.03,13.54,15.51,15.17,16.96,14.77,9.68,6.07,1.57,-4.08,-7.39,-7.06,-5.85,-6.2,-6.46,-6.77,-7.21,-7.62,-8.02,-8.29,-8.11,-7.65,-7.21,-6.69,-5.88,-4.75,-3.79,-3.5,-3.38,-3.09,-2.78,-2.47,-2.04,-1.41,-0.44
8.61,0.44,-8.74,-15.27,-23.38,-28.46,-25.73,-24.97,-22.95,-18.66,-17.03,-13.58,-7.69,-0.62,4.85,11.1,15.72,19.15,25.64,29.79,21.29,9.41,7.41,4.71,3.31,2.81,-8.91,-15.86,-19.22,-25.73,-27.51,-23.75,-23.06,-25.23,-18.13,-13.49,-19.75,-20.79,-15.71,-10.17,-7.23,-4.27,2.36,6.62,6.85,6.71,10.53,13.66,14.47,15.57,16.31,12.62,7.31,2.46,-3.15,-6.9,-8.04,-8.28,-8.19,-7.76,-7.12,-6.62,-6.39,-6.13,-5.83,-5.44,-4.74,-3.67,-2.52,-1.49,-0.63,0.03,0.29,-0.18,-1.37,-2.55,-2.9,-2.3,-1.08,0.5
3.36,-2.8,-9.8,-17.43,-23.58,-25.53,-25.35,-26.07,-22.67,-19.38,-15.66,-11.67,-5.8,0.2,5.25,11.87,15.68,18.82,24.02,26.58,16.63,7.43,4.82,1.24,-0.45,1.25,-3.85,-14.97,-19.82,-28.74,-29.25,-25.68,-24.28,-24.09,-18.1,-13.58,-18.27,-22.23,-16.49,-11.08,-7.8,-6.16,-0.37,4.82,6.78,5.46,7.19,11.2,12.91,13.13,14.43,14.15,9.84,4.18,-0.53,-5.05,-7.68,-8.19,-7.71,-6.63,-5.24,-4.04,-3.11,-2.2,-1.22,-0.2,0.55,0.93,1.06,0.82,0.31,0,0.2,0.84,1.5,1.69,1.64,1.94,2.81,4.17
-2.95,-6.76,-12.24,-17.11,-19.57,-20.82,-24.06,-24.93,-19.19,-17.23,-13.38,-10.17,-4.83,0.03,5.25,12.28,15.28,17.48,21.23,23.51,15.6,7.84,4.34,0.97,1.21,1.42,-4.41,-14.93,-18.72,-28.56,-30.18,-26.81,-25.68,-23.27,-19.27,-14.76,-16.27,-23.06,-17.94,-12.2,-8.44,-7.71,-3.38,1.99,5.22,5.4,5.18,8.04,10.51,10.76,11.47,11.8,10.53,6.99,2.23,-2,-5.3,-7.19,-7.52,-6.74,-5.17,-3.34,-2.24,-2.27,-3.02,-4.05,-4.69,-4.56,-3.72,-2.3,-0.55,1.11,2.53,3.81,5.03,6.18,7.3,8.46,9.71,11.1
-6.51,-7.53,-9.68,-12.71,-15.61,-21.04,-25.18,-19.27,-18.07,-16.28,-12.81,-8.82,-4.95,-0.62,5.32,12.16,14.4,15.5,18.26,20.26,17.16,10.13,8.09,5.83,2.1,0.62,-1.4,-10.76,-17.86,-27.46,-31.14,-27.18,-25.22,-21.72,-19.71,-15.37,-15.24,-23.06,-19.22,-13.37,-9.47,-8.84,-6.43,-1.31,2.49,3.89,3.68,4.73,6.69,7.48,8.45,9.85,8.9,6.28,3.74,1.02,-1.62,-3.52,-4.71,-5.27,-5.52,-5.59,-5.38,-5.02,-4.64,-3.89,-2.54,-0.82,0.76,1.88,2.61,3.25,3.99,4.9,5.96,7.14,8.37,9.73,11.35,13.24
-8.33,-5.35,-8.33,-15.49,-21.96,-25.34,-22.6,-18.22,-15.75,-13.21,-11.61,-9.33,-5.75,-1.23,4.95,11.51,12.78,12.87,15.79,17.42,17.01,12.81,8.46,5.63,3.4,4.51,1.5,-4.41,-9.37,-20.6,-30.18,-25.77,-23.04,-20.95,-19.63,-15.35,-15.45,-23.58,-20.5,-14.73,-10.67,-9.23,-8.66,-5.04,-0.92,1.24,1.46,1.44,2.71,5.56,7.11,7.65,8.73,7.92,4.37,0.84,-1.59,-3.54,-4.83,-5.2,-4.71,-3.68,-2.62,-1.77,-1.09,-0.48,0.19,0.87,1.62,2.65,4.05,5.61,7.17,8.65,10.05,11.35,12.57,13.8,15.2,16.81
-9.86,-4.7,-8.84,-22.51,-23.36,-20.46,-17.93,-15.37,-13.47,-12.09,-11.01,-9.11,-5.59,-1.48,4.62,10.55,10.42,10.22,13.5,15.49,15.16,13.68,9.87,5.93,3.23,3.78,0.52,-5.23,-9.21,-17.18,-25.59,-23.57,-21.3,-20.33,-18.14,-14.31,-16.53,-24.36,-22.1,-16.82,-12.5,-9.27,-8.9,-7.99,-4.93,-2.16,-1.22,-1.27,-0.24,2.94,6.09,6.69,5.95,6.3,6.54,4.59,1.34,-1.15,-2.43,-3,-3.17,-3.05,-2.75,-2.35,-1.77,-0.67,1.11,3.34,5.52,7.28,8.58,9.6,10.52,11.41,12.27,13.15,14.15,15.32,16.64,18.02
-13.08,-8.24,-8.09,-20.11,-24.13,-18.89,-17.06,-15.06,-13.22,-11.96,-10.88,-8.65,-5.27,-1.2,5.01,9.05,7.64,8.09,11.49,14.01,13.2,12.15,10.36,6.4,2.64,1.47,-1.71,-7.22,-13.8,-18.07,-17.46,-19.31,-21.03,-18.32,-15.33,-14.81,-17.69,-23.01,-22.79,-19.11,-14.88,-10.49,-8.11,-7.84,-7.51,-5.63,-3.72,-2.68,-1.67,0.4,2.99,4.48,4.24,3.35,3.04,3.31,3.13,2.04,0.56,-0.65,-1.36,-1.74,-1.72,-1.06,0.31,2.06,3.75,5.14,6.28,7.21,8.03,8.88,9.87,11.01,12.19,13.29,14.22,15.08,16.09,17.38
-14.34,-13.48,-12.49,-14.49,-20.09,-20.28,-18.1,-16.37,-14.23,-12.07,-10.31,-8.13,-5.11,0.02,5.49,6.73,6.06,7.27,10.11,13.12,11.89,9.39,8.76,6.51,2.41,-0.56,-3.54,-6.66,-8.64,-15.9,-20.54,-19.81,-18.15,-15.31,-15.22,-15.48,-16.11,-19.26,-20.38,-19.46,-17.64,-13.15,-8.72,-6.55,-6.69,-7.14,-6.02,-4.19,-2.52,-0.88,0.75,2.19,2.8,2.29,1.42,0.78,0.48,0.3,0.02,-0.29,-0.37,-0.01,0.62,1.27,1.84,2.32,2.72,3.15,3.75,4.63,5.89,7.62,9.78,12.22,14.54,16.31,17.45,18.26,19.03,19.97
-14.31,-14.37,-13.59,-14.09,-16.86,-18.74,-18.2,-16.58,-15.17,-13.68,-11.28,-8.17,-4.28,0.92,3.1,3.94,5.71,7.13,9.62,12.33,10.17,6.32,5.79,5.15,2.36,-1.44,-5.05,-8.99,-8.84,-9.92,-16.6,-20.01,-18.2,-13.24,-11.83,-12.71,-13.04,-14.87,-15.8,-14.44,-14.54,-14.9,-12.61,-9.06,-5.96,-4.99,-5.9,-6.01,-4.74,-3.05,-1.51,-0.22,1.01,1.92,1.82,0.97,0.26,0.06,0.23,0.56,0.87,1.1,1.36,1.71,2.1,2.61,3.3,4.16,5.24,6.61,8.25,10.04,11.89,13.65,15.12,16.36,17.55,18.73,20.01,21.6
-17.72,-15.65,-12.56,-11.54,-12.07,-12.15,-12.32,-13.43,-14.28,-13.41,-10.96,-7.76,-3.55,-1.5,-1,2.31,4.92,6.85,9.9,10.9,6.72,2.65,2.7,2.9,1.75,-1.44,-4.57,-7.86,-10.96,-11.58,-13.72,-17.4,-17.48,-14.29,-11.16,-10.14,-10.39,-11.24,-12.44,-12.12,-9.96,-8.45,-8.65,-9.52,-9.54,-7.37,-4.35,-3.14,-3.4,-3.48,-2.8,-1.7,-0.65,0.32,1.38,2.19,2.11,1.26,0.48,0.21,0.51,1.23,2.06,2.9,3.91,5.09,6.19,7.07,7.9,8.96,10.32,11.77,13.1,14.32,15.65,17.14,18.48,19.63,21.08,23.16
-18.39,-19.06,-14.94,-12.29,-11.71,-11.32,-9.75,-8.43,-9.66,-10.85,-9.88,-7.69,-6.64,-6.64,-3.17,1.12,3.12,5.84,8.59,7.52,2.57,-1.2,-0.84,0.36,0.6,-0.77,-3.96,-6.28,-7.77,-10.15,-12.67,-14.69,-15.77,-15.89,-14.97,-12.6,-10.16,-9.03,-8.92,-9.43,-9.43,-7.81,-5.13,-2.65,-1.81,-2.95,-4.36,-4.35,-3.02,-1.68,-0.94,-0.61,-0.44,-0.23,0.06,0.57,1.4,2.33,2.95,3.09,2.88,2.75,3.12,4.06,5.41,6.9,8.32,9.68,10.97,12.07,12.89,13.59,14.52,15.83,17.13,18.12,19.02,20.26,22.16,24.81
