data/20140501-wind-isobaric-500hPa-gfs-1.0.json
{"header": {"discipline":0,"disciplineName":"Meteorological products","gribEdition":2,"gribLength":134623,"center":7,"centerName":"US National Weather Service - NCEP(WMC)","subcenter":0,"refTime":"2014-05-01T06:00:00.000Z","significanceOfRT":1,"significanceOfRTName":"Start of forecast","productStatus":0,"productStatusName":"Operational products","productType":1,"productTypeName":"Forecast products","productDefinitionTemplate":0,"productDefinitionTemplateName":"Analysis/forecast at horizontal level/layer at a point in time","parameterCategory":2,"parameterCategoryName":"Momentum","parameterNumber":2,"parameterNumberName":"U-component_of_wind","parameterUnit":"m.s-1","genProcessType":2,"genProcessTypeName":"Forecast","forecastTime":9,"surface1Type":100,"surface1TypeName":"Isobaric surface","surface1Value":50000,"surface2Type":255,"surface2TypeName":"Missing","surface2Value":0,"gridDefinitionTemplate":0,"gridDefinitionTemplateName":"Latitude_Longitude","numberPoints":65160,"shape":6,"shapeName":"Earth spherical with radius of 6,371,229.0 m","gridUnits":"degrees","resolution":48,"winds":"true","scanMode":0,"nx":360,"ny":181,"basicAngle":0,"subDivisions":0,"lo1":0,"la1":90,"lo2":359,"la2":-90,"dx":1,"dy":1}, "data":
[rows 140 to 174 of 181, columns 237 to 315 of 360]
19.26,20.73,21.94,22.83,23.8,24.9,26.16,27.51,28.87,29.87,30.68,31.31,31.63,31.76,31.67,31.47,30.98,29.61,27.88,25.62,24.76,24.59,23.08,22.26,22.16,21.21,19.94,18.96,18.7,19.05,19.18,18.8,18.51,18.03,17.44,16.95,16.46,15.43,13.77,11.52,10,10.71,13.14,15.62,16.96,17.06,16.62,16.71,15.79,17.61,15.33,11.7,10.24,11.06,11.93,13.32,12.86,12.72,11.84,11.1,12.77,14.53,15.65,15.81,17.79,19.37,20.29,17.1,10.48,13.2,11.85,10.86,10.21,9.47,8.51,8.12,8.98,9.52,9.73
23.11,24.19,25.27,26.38,27.52,28.59,29.38,30.26,31.14,31.69,31.99,31.85,31.23,30.46,30.01,30,28.85,27,24.94,22.94,22.75,22.21,20.44,20.02,20.7,20.61,20.11,19.26,18.8,19.24,20.16,20.69,20.58,20.38,20.09,19.6,19.21,18.37,17.14,15.34,12.96,10.86,10.8,12.77,15.4,17.37,17.55,17.7,17.19,19.36,18.02,14.39,13.46,13.78,13.96,14.84,14.74,14.49,13.67,10.96,11.21,13.07,14.04,14.77,15.77,17.55,16.75,15.58,12.17,13.49,12.64,11.16,9.56,9.04,9.24,9.86,10.63,11.3,11.79
26.52,27.7,28.98,30.26,31.04,31.35,31.74,32.43,32.86,32.97,32.58,31.48,29.81,28.43,28.05,27.96,26.32,24.16,22.55,21.76,21.24,20.46,19.58,19.22,20.12,21.57,21.95,21.3,20.57,20.35,20.94,22.11,23.28,23.9,23.9,23.6,23.05,22.38,21.26,19.79,17.85,15,12.52,12.46,13.84,15.61,16.86,18.11,18.52,19.77,20.12,18.32,16.55,16.52,16.46,16.3,15.6,13.89,14.67,14.63,11.53,12.54,14.08,13.85,14.59,15.93,15.03,12.82,12.2,13.7,13.24,11.83,10.66,10.05,10.06,10.74,11.73,12.29,12.28
30.44,31.44,32.54,33.08,33.02,33.04,33.5,33.92,33.85,33.43,32.28,30.16,28.07,26.92,26.25,25.32,23.45,21.61,20.5,20.77,20.33,19.51,19.32,19.1,19.22,19.87,20.75,21.49,22.06,22.69,23.13,23.64,24.48,25.67,26.49,27.37,27.51,26.8,25.29,23.6,22.12,20.02,16.83,14.28,13.93,14.48,15.01,16,17.26,19.55,22.02,21.23,19.9,19.27,18.36,17.75,16.77,14.54,14.56,17.14,15.13,12.28,14.24,14.04,14.07,15.17,14.43,11.81,11.72,13.12,13.42,12.2,11.87,11.97,12.21,12.51,13.12,13.7,13.45
34.1,34.58,34.66,34.47,34.33,34.5,34.83,34.73,34.28,33.23,31.07,28.34,26.9,26.12,24.87,23.14,21.09,19.14,18.67,18.9,18.56,18.26,18.07,18.14,18.1,18.33,18.97,19.77,20.75,21.76,22.67,23.65,25,26.4,26.66,26.51,26.17,27.33,27.9,26.76,25.25,23.47,21.05,18.24,16.22,15.51,15.53,16.4,18.03,20.25,22.47,23.46,22.72,21.39,20.3,18.84,17.75,17.05,17.2,19.19,18.69,14.17,13.54,14.4,14.28,14.86,14.26,11.88,11.58,12.17,13.07,12.04,11.63,12.18,13.4,14.35,14.88,14.84,14.26
36.46,36.15,35.76,35.51,35.56,35.77,35.81,35.36,34.31,32.3,29.32,26.98,26.21,25.42,23.79,21.89,19.59,17.67,18.01,17.4,16.5,16.21,16.21,16.4,16.64,16.99,17.52,18.48,19.55,20.63,21.54,22.33,23.31,24.43,25.93,27.45,25.67,24.63,27.13,27.55,26.86,25.88,24.18,22.17,20.31,18.78,17.74,17.62,18.9,21,22.58,23.15,23.53,23.47,22.61,20.8,20.48,20.46,19.91,20.37,20.05,16,13.72,14.31,14.4,14.82,14.13,12.13,11.76,11.09,12,11.94,11.13,10.97,11.48,12.6,13.63,14.31,14.81
37.51,36.78,36.48,36.66,37.09,37.22,36.64,35.35,33.36,30.56,27.89,26.46,25.69,24.52,22.66,20.71,18.38,16.72,17.36,17.34,17.14,17.15,17.51,17.89,17.93,17.74,17.7,18.22,18.92,19.41,19.8,20.45,21.18,22.12,23.1,24.51,26.03,25.63,24.58,23.02,22.49,24.16,25.32,24.96,24.01,22.76,21.65,21.4,22.52,23.84,23.97,23.55,23.2,23.65,24.87,25.13,24.67,24.09,22.79,21.09,20.6,17.14,13.47,13.58,13.86,14.25,13.69,12.27,12.23,10.6,10.9,12.25,11.47,11.7,12.25,13.19,14.38,14.95,14.87
37.9,37.73,38.2,38.89,38.97,38.1,36.53,34.35,31.27,28.62,27.08,26,24.8,23.21,21.25,19.3,17.38,16.32,17.26,17.47,17.05,16.81,16.82,17.21,17.47,17.18,16.93,17.22,17.89,18.25,18.73,19.4,19.84,20.2,20.94,21.89,23.3,24.65,23.19,18.86,17.39,19.2,20.27,21.22,22.01,22.31,22.37,23.13,24.25,24.27,23.31,22.57,22.94,24.19,25.21,25.11,23.82,22.28,21.23,19.57,19.23,17.9,13.75,12.62,12.68,12.67,12.31,11.75,12.48,11.33,10.9,12.52,12.45,12.38,13.05,13.75,12.89,11.96,12.33
39.89,40.35,40.73,40.48,39.24,37.39,35.01,31.92,28.52,26.7,25.99,24.7,23.16,21.3,19.24,17.29,15.93,15.91,17.07,17.4,16.76,16.12,15.77,15.76,15.88,15.99,16.3,16.76,17.44,18.04,18.61,18.99,19.25,19.35,19.53,19.81,20.55,22.58,23.46,21.55,18.32,17.04,18.61,18.3,18.18,19.53,21.02,22.21,22.53,21.58,20.61,21.03,21.8,21.22,19.53,17.37,16.76,17.69,17.96,16.62,16.25,15.57,12.5,10.71,10.19,10.2,10.41,10.41,11.13,11.25,11.51,13.77,14.68,14.14,14.15,12.7,10.55,11.95,13.06
42.72,42.24,41.03,39.31,37.35,35.27,32.12,28.61,26.33,25.51,24.49,22.51,20.39,18.53,16.59,14.84,13.86,13.83,14.67,15.6,15.52,14.94,15.11,15.41,15.7,15.9,16.08,16.35,17.1,17.78,17.88,17.76,17.75,17.84,17.75,17.83,18.05,18.69,21.53,25.53,26.34,24.2,24.1,22.83,20,19.7,20.58,20.53,19.72,19.08,19.28,19.15,17.12,15.27,14.69,13.8,13.4,13.26,12.85,12.67,12.06,10.39,8.55,7.2,6.13,6.54,7.76,8.23,8.67,9.85,12.02,14.68,15.88,16.02,15.01,12.38,11.45,13.06,14.75
42.2,40.53,38.66,36.76,34.36,31.43,28.3,26.03,25.02,24,21.92,19.17,16.96,15.23,13.76,12.6,11.91,12.17,12.76,13.61,14.74,15,15.22,15.6,15.6,15.51,15.5,15.96,16.75,17,16.56,15.97,15.5,15.3,15.3,15.5,15.86,16.15,16.49,18.53,23.02,27.26,29.3,28.06,24.93,23.26,21.77,19.32,18.06,18.2,18.3,18.2,18.49,18.06,15.83,15.75,14.28,10.16,8.03,6.96,5.1,3.81,3.24,1.73,0.95,2.48,4.3,5.42,6.33,8.1,10.73,13.41,15.03,14.83,12.82,12.03,13.61,16.15,18.3
39.07,37.07,34.45,31.73,29.2,27.04,25.35,24.07,22.76,20.75,18.2,15.98,14.05,12.5,11.52,11.02,10.71,10.9,11.36,12.54,14.83,16.24,16.18,15.91,15.8,15.6,15.67,16.25,16.6,16.13,15.02,14.23,14.01,13.54,12.88,12.22,10.84,9.85,11.47,13.36,13.85,14.65,16.38,18.58,20.39,20.09,17.38,15.22,15.43,16.37,16.88,17.04,17.57,16.15,13.64,14.9,12.9,6.24,2.36,0.7,-0.6,-1.65,-3.25,-4.83,-4.08,-1.35,1.2,3.11,4.75,6.72,9,10.73,11.21,10.4,10.06,12.01,15.31,17.23,16.13
33.21,30.35,27.76,25.83,24.53,23.7,22.65,21.01,18.96,16.89,15,13.51,12.5,12.25,12.32,12.39,12.17,11.87,12.06,12.93,14.13,15.14,15.72,15.92,15.8,15.68,16.03,16.74,16.74,15.38,13.58,12.46,11.7,10.83,9.58,7.7,5.71,5.07,6.78,7.93,7.08,6.92,8.48,10.43,10.91,9.91,9.52,10.67,10.45,7.89,6.97,7.82,6.97,5.28,4.97,4.19,0.47,-3.41,-5.21,-6,-7.24,-9.1,-10.47,-9.78,-7.2,-4.16,-1.04,1.63,4.14,5.98,6.49,6.24,5.98,6.43,8.47,11.28,12.36,11.65,11.46
25.32,23.47,22.22,21.42,20.93,20.13,18.69,16.67,14.77,13.26,12.18,11.73,12.03,12.86,13.25,12.86,12.52,12.56,12.7,12.88,13.3,13.85,14.63,15.52,16.53,17.32,17.48,16.96,15.16,12.38,10.16,9.09,8.08,6.18,3.84,2.79,3.78,4.78,3.71,1.22,0.48,1.17,1.75,1.98,2.27,3.52,4.84,2.84,-1.41,-2.03,0.17,-1.59,-6.33,-8.54,-9.38,-10.82,-12.04,-12.85,-13.83,-15.08,-16.02,-16.12,-14.51,-11.97,-8.61,-4.84,-1.36,0.98,1.45,1.15,1.9,3.3,4.28,4.64,5.25,6.66,8.94,11.45,13.03
18.9,18.54,18.26,17.71,16.83,15.5,13.77,11.97,10.54,9.51,8.89,8.59,8.54,8.62,8.59,8.41,8.64,9.52,10.89,12.46,14.01,15.45,16.49,17.03,16.96,16.11,14.5,12.34,9.63,7.18,5.92,4.07,0.23,-3.11,-3.18,-0.31,1.97,0.12,-3.43,-4.44,-3.88,-3.59,-3.46,-2.77,-1.27,-0.04,-2.02,-6.03,-7.24,-7.1,-9.05,-12.1,-14.15,-15.67,-16.88,-17.98,-19.37,-20.69,-21.18,-21.01,-19.9,-17.72,-14.19,-10.77,-7.67,-5.96,-4.35,-2.86,-1.49,-0.46,0.45,1.14,2.13,4.22,7.29,10.43,12.55,13.05,12.51
15.97,15.39,14.4,13.22,12.08,10.8,9.22,7.9,7.06,6.49,6.12,6.11,6.63,7.54,8.71,9.94,10.84,11.35,11.54,11.82,12.24,12.71,13,12.95,12.51,11.57,9.93,7.46,5,3.22,0.6,-3.54,-6.7,-6.74,-4.45,-2.73,-4.2,-6.7,-7.09,-6.72,-6.63,-6.53,-5.94,-4.67,-3.37,-4.33,-7.91,-9.67,-8.18,-7.67,-11.21,-14.53,-14.87,-16.31,-19.3,-21.46,-21.5,-20.35,-18.24,-16.4,-14.22,-10.82,-9.2,-7.96,-6.77,-5.99,-5.06,-4.3,-2.81,-0.67,1.46,3.85,6.43,8.46,9.55,10.03,10.44,11.05,11.69
12.85,11.9,10.87,9.99,9.12,8.35,7.7,7.27,7.1,7.17,7.34,7.6,7.82,7.89,7.67,7.02,6.4,6.1,6.05,5.92,5.3,3.63,0.7,-2.14,-3.06,-1.7,0.64,2.34,2.23,-0.41,-4.82,-8.23,-9.1,-8.24,-7.43,-7.39,-7.63,-7.02,-6.56,-6.84,-7.21,-7.3,-6.97,-6.03,-5.44,-7.31,-10.4,-10.33,-7.25,-4.47,-4.37,-7.15,-9.79,-10.12,-9.75,-10.09,-10.75,-11.95,-10.94,-7.04,-7.66,-8.33,-7.88,-7.12,-5.82,-4.66,-3.01,-1.09,0.97,3.21,5.43,6.92,7.8,8.54,9.61,10.84,11.72,11.72,10.99
10.78,10.32,9.79,9.03,8.37,8.2,8.22,8.22,8.12,7.97,7.76,7.54,6.96,5.88,4.49,3.35,2.81,2.42,1.67,0.87,0.39,-0.26,-1.62,-3.22,-3.87,-2.97,-0.95,0.37,-0.7,-4.38,-8.35,-10.31,-10.24,-9.3,-8.48,-8.03,-7.44,-6.24,-5.16,-5.14,-6.04,-7.2,-7.93,-7.79,-7.34,-8.04,-9.74,-10.67,-9.63,-7.68,-6.13,-6.05,-7.57,-8.18,-6.62,-5.97,-5.74,-3.77,-5.1,-5.5,-4.36,-3.97,-3.16,-2.62,-1.77,-0.52,1.19,3.17,4.83,6.19,7.39,8.6,9.83,11.01,11.76,11.77,10.78,9.35,8.32
10.53,10.14,9.64,8.92,8.26,7.96,7.77,7.66,7.36,7,6.59,5.8,4.53,3.18,2.16,1.78,1.67,1.29,0.83,0.87,1.51,2.56,3.28,3.14,2.17,0.92,0.17,-0.89,-3.58,-7.31,-10.11,-11.02,-10.73,-9.34,-7.05,-5.17,-5.37,-5.96,-5.55,-5,-5.2,-6.27,-7.46,-8.33,-8.77,-9.01,-8.92,-8.89,-8.99,-9.12,-8.78,-8.3,-7.62,-6.3,-5.83,-4.11,-0.49,-0.23,0.56,0.84,0.04,-0.57,-0.47,0.34,1.29,2.4,3.62,4.98,6.34,7.68,8.75,9.59,10.09,10.23,10.1,9.53,8.74,8.09,7.81
10.13,9.64,9.1,8.32,7.47,6.89,6.59,6.4,6.11,5.45,4.47,3.4,2.52,2.08,1.9,1.69,1.02,0.51,0.46,0.85,1.43,1.68,1.45,0.97,0.28,-0.8,-2.23,-3.78,-5.33,-7.07,-9.49,-11.96,-12.25,-9.46,-5.07,-2.35,-2.69,-4.06,-4.74,-4.57,-4.2,-4.5,-4.99,-5.47,-6.41,-7.88,-9.2,-9.55,-8.61,-7.59,-6.88,-6.58,-6.9,-5.49,-5.57,-5.67,-3.43,-0.08,0.75,2.96,4.8,3.53,3.49,4.08,4.86,5.5,6.24,6.95,7.6,7.9,8.09,8.3,8.76,9.16,9.4,9.2,8.68,8.19,7.7
9.15,8.56,7.88,7.05,6.39,5.9,5.52,5.03,4.27,3.3,2.41,2.01,1.94,2.01,1.61,0.83,-0.05,-0.56,-0.78,-1.03,-1.5,-2.08,-2.66,-3.35,-4.03,-4.62,-5.24,-5.42,-4.25,-3.07,-4.28,-6.89,-6.74,-3.24,-0.53,-0.44,-1.79,-3.26,-4.25,-4.31,-3.79,-3.3,-2.83,-2.26,-2.07,-2.56,-3.69,-5.25,-6.56,-7.17,-6.99,-5.35,-3.18,-3.67,-1.07,0.39,-1.81,-0.71,0.85,1.3,2.07,4.29,4.87,5.51,6.13,6.73,7.23,7.63,7.92,8.2,8.48,8.86,9.45,9.93,10.08,9.85,9.05,8.08,7.11
7.91,7.2,6.47,5.77,5.23,4.73,4.05,3.2,2.28,1.53,1.01,0.67,0.27,-0.23,-0.9,-1.35,-1.56,-1.65,-2.01,-2.83,-3.79,-4.76,-5.95,-7.3,-8.29,-8.5,-8.01,-6.91,-4.85,-2.12,-0.51,-1.13,-2.41,-2.54,-2.05,-2.44,-3.6,-4.71,-4.93,-4.24,-3.3,-2.6,-1.92,-1.14,-0.19,0.76,1.28,0.85,-0.02,-1.03,-1.92,-2.39,-1.67,-1.13,-1.12,0.89,2.39,4.11,5.43,6.28,7.55,8.25,8.79,9.02,9.35,9.95,10.31,10.4,10.2,10.04,10.16,10.48,10.89,11.15,11.01,10.31,9.05,7.58,6.42
6,5.32,4.64,4.05,3.49,2.8,2.02,1.07,0.26,-0.44,-0.94,-1.43,-1.82,-2.12,-2.31,-2.48,-2.75,-3.46,-4.57,-6.05,-7.63,-8.84,-9.26,-9.55,-9.6,-9.21,-8.63,-8.47,-8.39,-7.24,-4.79,-2.4,-0.68,0.54,1.01,0.07,-2.27,-4.5,-5.09,-3.96,-2.5,-1.66,-1.43,-1.11,-0.1,1.15,2.35,3.28,3.7,3.99,3.95,3.73,3.96,4.17,4.14,5.04,6.14,7.14,8.03,8.87,10.69,12.28,13.22,14.44,15.03,14.83,14.38,13.96,13.63,13.34,12.95,12.66,12.3,11.94,11.18,10.03,8.47,6.93,5.93
3.48,2.95,2.42,1.91,1.26,0.48,-0.36,-1.12,-1.82,-2.41,-2.9,-3.4,-4.05,-4.71,-5.41,-6.14,-6.86,-7.73,-8.81,-10.04,-10.82,-11.16,-11.4,-11.71,-12.32,-12.97,-13.28,-13.38,-13.62,-13.21,-11.41,-8.47,-5.31,-2.95,-2.41,-3.07,-4.34,-4.92,-4.24,-2.74,-1.24,-0.31,0.13,0.52,1.01,1.49,2.65,3.66,4.41,5.61,6.36,6.85,7.32,7.91,8.54,9.31,9.9,10.61,11.34,11.32,11.57,11.64,12.01,13,13.86,13.93,13.24,12.27,11.55,11.38,11.54,11.66,11.39,10.75,9.74,8.42,7.05,5.96,5.34
1.14,0.9,0.41,-0.29,-1.09,-1.91,-2.6,-3.19,-3.86,-4.73,-5.98,-7.33,-8.24,-8.67,-8.91,-9.25,-9.74,-10.55,-11.63,-12.91,-13.91,-14.11,-13.66,-13.3,-13.45,-13.8,-13.35,-12.16,-11.41,-11.54,-11.14,-9.83,-7.96,-6.5,-5.71,-5.27,-4.4,-2.92,-1.19,0.33,1.57,2.2,2.69,2.55,2.34,3.13,4.18,5.18,6.15,7.33,8.46,9.58,10.23,10.31,9.86,9.05,8.12,7.76,7.77,8.06,8.11,8.2,8.69,8.69,8.28,8.01,7.69,7.66,7.97,8.6,9.15,9.32,8.96,8.25,7.37,6.44,5.61,4.99,4.75
-0.88,-1.38,-2,-2.69,-3.3,-3.89,-4.38,-5,-6.09,-7.53,-8.99,-10.07,-10.34,-10.13,-10,-10.1,-10.4,-10.94,-11.82,-13.26,-14.85,-15.77,-15.27,-13.68,-11.98,-11.58,-12.6,-13.35,-13.05,-11.77,-9.99,-7.88,-5.75,-3.85,-2.25,-0.78,0.67,1.84,2.81,3.66,4.24,4.46,4.25,4.15,5.18,6.18,6.47,6.78,6.97,6.67,6.35,6.2,6.13,6,5.69,4.94,4.39,4.16,4.03,4.18,4.4,4.45,4.46,4.36,4.16,4.14,4.47,4.99,5.55,5.9,5.86,5.61,5.36,5.14,4.88,4.55,4.23,4.12,4.16
-2.65,-3.24,-3.7,-4.09,-4.37,-4.84,-5.5,-6.47,-7.44,-8.41,-9.02,-8.9,-8.9,-9.3,-9.76,-10.25,-10.33,-9.99,-9.48,-9.55,-10.39,-11.47,-11.61,-10.66,-8.84,-7.1,-5.99,-5.38,-4.7,-3.72,-2.47,-1.18,-0.02,0.92,1.48,1.88,2.02,2.05,2.45,3.03,3.62,4.04,4.6,5.82,6.38,6.57,6.54,6.27,5.44,4.02,2.84,2.26,2.11,2.11,1.89,1.53,1.2,1.05,0.79,0.58,0.38,0.09,-0.14,-0.32,-0.23,0.18,0.78,1.46,1.95,2.24,2.36,2.44,2.44,2.42,2.34,2.37,2.67,3.18,3.9
-3.82,-4.05,-4.33,-4.55,-4.82,-5.2,-5.57,-5.96,-6.55,-6.97,-7.27,-7.58,-8.03,-8.63,-9.11,-9.19,-8.61,-7.6,-6.58,-5.95,-5.96,-6.35,-6.61,-6.62,-6.18,-5.54,-4.9,-4.35,-3.94,-3.47,-3.1,-2.81,-2.62,-2.59,-2.56,-2.61,-2.17,-1.31,-0.22,0.93,2.21,3.43,4.65,5.13,5.5,5.35,4.98,4.34,3.61,2.71,1.74,0.88,0.38,0.04,-0.25,-0.75,-1.35,-1.95,-2.52,-2.81,-2.98,-2.97,-2.85,-2.55,-2.11,-1.68,-1.29,-1.08,-0.93,-0.95,-1.03,-1.01,-0.8,-0.37,0.39,1.38,2.36,3.31,3.98
-5.62,-5.62,-5.31,-4.97,-4.71,-4.81,-5.2,-5.69,-6.18,-6.56,-6.95,-7.44,-8.03,-8.72,-9.2,-9.2,-8.62,-7.65,-6.57,-5.7,-5.08,-4.83,-4.93,-5.15,-5.44,-5.74,-5.93,-5.83,-5.58,-5.09,-4.39,-3.48,-2.6,-1.64,-0.87,-0.38,0.14,1.55,2.71,3.28,3.19,3.78,4.18,4.18,3.99,3.5,2.91,2.36,1.69,0.81,-0.07,-0.94,-1.92,-2.8,-3.51,-4.15,-4.57,-4.82,-4.92,-5.02,-4.93,-4.93,-4.93,-4.83,-4.73,-4.63,-4.53,-4.42,-4.2,-3.7,-2.91,-2.03,-0.99,0.02,0.99,1.73,2.3,2.69,3.27
-6.21,-6.3,-6.29,-6.08,-5.86,-5.68,-5.49,-5.4,-5.24,-5.23,-5.48,-5.92,-6.69,-7.57,-8.23,-8.32,-8.03,-7.33,-6.54,-5.86,-5.58,-5.53,-5.63,-5.74,-5.75,-5.65,-5.64,-5.54,-5.38,-5.12,-4.91,-4.82,-5,-4.81,-3.86,-2.28,-0.73,-0.07,0.25,0.03,-0.37,-0.54,-0.52,-0.72,-1.09,-1.49,-1.98,-2.52,-3.17,-3.86,-4.56,-5.16,-5.65,-5.95,-6.18,-6.38,-6.49,-6.49,-6.49,-6.5,-6.5,-6.5,-6.32,-6.14,-5.85,-5.33,-4.66,-3.9,-3.1,-2.32,-1.63,-0.93,-0.34,0.16,0.51,0.81,1.14,1.54,2.02
-6.17,-6.55,-6.84,-7.11,-7.27,-7.26,-6.87,-6.38,-5.69,-5.02,-4.63,-4.51,-4.74,-5.17,-5.59,-5.8,-5.81,-5.59,-5.19,-4.62,-3.99,-3.3,-2.73,-2.33,-2.14,-2.14,-2.34,-2.7,-3,-2.97,-2.66,-2.28,-2.05,-2.02,-2.34,-2.77,-3.18,-3.58,-4.05,-4.66,-5.43,-6.13,-6.62,-7.01,-7.3,-7.55,-7.66,-7.77,-7.76,-7.68,-7.64,-7.57,-7.47,-7.29,-7.05,-6.86,-6.58,-6.34,-6.03,-5.67,-5.29,-4.91,-4.42,-3.94,-3.35,-2.67,-2.07,-1.56,-1.07,-0.67,-0.28,0.03,0.23,0.36,0.47,0.61,0.88,1.09,1.38
-6.91,-7.02,-7.08,-7.18,-7.2,-7.2,-7.1,-6.88,-6.47,-6.05,-5.56,-5.24,-5.05,-4.98,-5.05,-5.18,-5.28,-5.25,-5.07,-4.66,-4.18,-3.69,-3.33,-2.98,-2.73,-2.63,-2.53,-2.5,-2.64,-2.93,-3.44,-4.27,-5.25,-6.26,-7.17,-8.04,-8.77,-9.29,-9.86,-10.25,-10.41,-10.42,-10.25,-9.96,-9.6,-9.28,-9.03,-8.8,-8.45,-8.08,-7.67,-7.26,-6.86,-6.41,-5.92,-5.38,-4.84,-4.28,-3.65,-3.06,-2.47,-1.95,-1.46,-0.9,-0.48,0,0.41,0.79,1.09,1.39,1.55,1.69,1.89,2.06,2.21,2.4,2.49,2.59,2.69
-9.27,-9.21,-9.21,-9.21,-9.27,-9.23,-9.03,-8.62,-8.17,-7.52,-6.81,-6.1,-5.53,-5.15,-5,-5,-5.24,-5.55,-5.66,-5.58,-5.42,-5.15,-4.87,-4.58,-4.41,-4.31,-4.4,-4.74,-5.27,-5.97,-6.78,-7.53,-8.25,-8.86,-9.3,-9.54,-9.75,-9.82,-9.86,-9.86,-9.77,-9.59,-9.29,-8.97,-8.48,-8.09,-7.7,-7.31,-6.84,-6.43,-5.98,-5.56,-5.01,-4.48,-3.89,-3.3,-2.71,-2.18,-1.6,-1.11,-0.68,-0.29,0.04,0.34,0.65,0.92,1.2,1.48,1.77,2.12,2.48,2.77,3.06,3.3,3.5,3.62,3.72,3.82,3.98
-11.21,-11.16,-11.16,-11.15,-11.09,-10.8,-10.35,-9.76,-9.19,-8.64,-8.13,-7.79,-7.56,-7.4,-7.25,-6.96,-6.66,-6.18,-5.69,-5.25,-4.98,-4.9,-4.96,-5.11,-5.3,-5.54,-5.74,-5.99,-6.21,-6.47,-6.82,-7.16,-7.5,-7.65,-7.75,-7.71,-7.61,-7.42,-7.23,-7,-6.8,-6.6,-6.4,-6.15,-5.86,-5.48,-5.09,-4.68,-4.26,-3.82,-3.39,-3,-2.55,-2.17,-1.77,-1.4,-1.05,-0.73,-0.4,-0.09,0.3,0.69,1.04,1.42,1.76,2.05,2.38,2.71,3.05,3.3,3.44,3.5,3.65,3.88,4.15,4.38,4.6,4.7,4.85
-13.08,-12.55,-11.96,-11.33,-10.74,-10.19,-9.8,-9.6,-9.58,-9.71,-9.88,-9.99,-9.97,-9.72,-9.23,-8.54,-7.72,-6.89,-6.14,-5.49,-5.04,-4.72,-4.58,-4.6,-4.66,-4.76,-4.82,-4.84,-4.84,-4.9,-4.92,-5,-5.1,-5.1,-5.1,-4.9,-4.64,-4.43,-4.24,-4.1,-3.94,-3.8,-3.6,-3.31,-2.92,-2.5,-1.92,-1.35,-0.73,-0.19,0.39,0.78,1.11,1.3,1.44,1.5,1.64,1.84,2.06,2.4,2.8,3.15,3.54,3.96,4.41,4.86,5.25,5.7,6.12,6.38,6.57,6.68,6.72,6.72,6.72,6.72,6.77,6.92,7.12
