data/20140501-wind-isobaric-500hPa-gfs-1.0.json
{"header": {"discipline":0,"disciplineName":"Meteorological products","gribEdition":2,"gribLength":134623,"center":7,"centerName":"US National Weather Service - NCEP(WMC)","subcenter":0,"refTime":"2014-05-01T06:00:00.000Z","significanceOfRT":1,"significanceOfRTName":"Start of forecast","productStatus":0,"productStatusName":"Operational products","productType":1,"productTypeName":"Forecast products","productDefinitionTemplate":0,"productDefinitionTemplateName":"Analysis/forecast at horizontal level/layer at a point in time","parameterCategory":2,"parameterCategoryName":"Momentum","parameterNumber":3,"parameterNumberName":"V-component_of_wind","parameterUnit":"m.s-1","genProcessType":2,"genProcessTypeName":"Forecast","forecastTime":9,"surface1Type":100,"surface1TypeName":"Isobaric surface","surface1Value":50000,"surface2Type":255,"surface2TypeName":"Missing","surface2Value":0,"gridDefinitionTemplate":0,"gridDefinitionTemplateName":"Latitude_Longitude","numberPoints":65160,"shape":6,"shapeName":"Earth spherical with radius of 6,371,229.0 m","gridUnits":"degrees","resolution":48,"winds":"true","scanMode":0,"nx":360,"ny":181,"basicAngle":0,"subDivisions":0,"lo1":0,"la1":90,"lo2":359,"la2":-90,"dx":1,"dy":1}, "data":
[rows 144 to 179 of 181, columns 240 to 319 of 360]
30.12,32.16,34.19,36.58,38.64,39.46,38.85,36.29,32.25,29,27.16,24.58,19.96,13.12,6.99,5.2,6.02,5.32,2.64,-0.03,-1.64,-2.7,-3.6,-4.33,-4.84,-5.01,-4.64,-3.86,-3.25,-3.25,-3.99,-6.03,-8.1,-9.35,-10.16,-10.47,-10.51,-9.25,-6.79,-4.32,-2.49,-1.42,-1.14,-1.58,-1.8,-1.09,0.71,3.61,6.84,8.64,8.41,8.59,9.13,9.02,7.31,2.68,-1.46,-1.96,-4.01,-12.31,-24.84,-32.67,-34.76,-33.79,-33.89,-34.87,-30.94,-25.94,-22.92,-19.85,-18.47,-18.38,-17.07,-14.15,-10.34,-6.55,-3.06,0.59,3.29,4.45
30.65,32.83,35.39,37.59,38.49,38.21,36.68,33.21,29.43,27.18,25.61,22.51,17.56,10.23,3.57,3.13,4.84,4.47,3.09,1.52,-0.07,-1.36,-2.3,-3.04,-3.57,-3.67,-3.16,-2.28,-1.51,-1.28,-1.95,-4.01,-7.29,-10.87,-12.06,-10.81,-10.24,-10.75,-9.93,-7.72,-5.44,-3.74,-2.38,-1.19,-0.07,1.43,3.34,5.4,7.29,8.7,9.31,9.82,10,8.99,6.48,2.08,-2.96,-4.84,-5.94,-11.1,-22.45,-32.79,-36.29,-35.84,-35.97,-36.99,-33.58,-27.96,-24.2,-21.06,-18.25,-16.49,-14.9,-12.41,-9.17,-5.86,-2.48,0.47,2.21,3.04
31.67,34.56,36.77,37.54,37.19,36.15,33.56,29.79,27.23,25.76,23.62,19.96,15.08,7.36,0.88,1.23,3.07,3.4,2.69,1.45,0.36,-0.49,-1.18,-1.75,-2.1,-2.03,-1.4,-0.37,0.5,0.86,0.24,-1.67,-4.93,-10.47,-14.67,-12.58,-8.68,-8.55,-10.03,-9.75,-7.97,-5.68,-3.46,-1.38,0.61,2.53,4.54,6.64,7.9,7.92,8.08,9.32,9.79,8.19,4.97,0.07,-6.14,-9.8,-10.24,-12.31,-21.13,-32.34,-37.44,-37.39,-37.26,-38.15,-36.01,-30.91,-26.01,-22.42,-19.25,-16.51,-13.9,-10.92,-7.66,-4.87,-2.64,-0.8,0.56,3.07
33.49,35.38,35.7,35.06,34.31,32.47,29.29,26.81,25.71,24.17,21.11,17.23,12.76,5.32,-1.34,-0.88,1.83,3.13,3.09,1.89,0.54,-0.3,-0.88,-1.42,-1.61,-1.07,0.17,1.64,2.78,3.15,2.3,0,-3.19,-8.82,-16.57,-18.39,-13.52,-9.88,-8.59,-8.02,-7.2,-6,-4,-1.59,0.52,2.69,5.36,7.33,8.04,9.06,10.37,10.21,8.75,6.14,1.59,-3.3,-9.08,-14.79,-16.38,-15.88,-21.67,-32.32,-38.36,-38.82,-38.03,-38.01,-37.08,-33.31,-27.75,-22.91,-18.93,-15.32,-12.03,-8.99,-6.6,-4.65,-2.57,-0.96,1.56,4.72
33.12,33.15,32.62,32.1,30.93,28.31,25.76,24.88,24,21.39,17.75,14.31,10.46,4.71,-0.89,-1.79,0.44,2.22,2.67,2.08,1.08,0.21,-0.4,-0.73,-0.48,0.56,2.06,3.56,4.63,4.65,3.39,0.9,-2.4,-6.01,-13.22,-22.36,-22.96,-17.74,-13.78,-10.11,-7.02,-5.08,-3.52,-1.73,0.55,3.49,5.77,7.15,9.14,11.23,11.04,8.28,5.8,3.73,-0.84,-5.71,-10.6,-17.44,-21.51,-21.05,-24.26,-33.17,-39.12,-39.73,-38.34,-36.93,-36.13,-34.01,-29.22,-23.81,-18.84,-14.63,-12.23,-10.6,-8.47,-4.24,-0.24,1,2.28,4.51
30.11,29.84,29.67,28.88,26.89,24.81,23.93,23.41,21.31,17.5,14.12,11.65,8.39,4.36,0.92,-0.79,-0.27,1.04,1.56,1.43,1.13,0.75,0.44,0.5,1.11,2.31,4.01,5.69,6.33,5.34,3.24,0.82,-1.95,-4.76,-7.77,-15.11,-24.39,-25.99,-21.05,-15.73,-10.7,-6.18,-3.25,-0.6,2.6,4.72,6.04,8.11,9.45,7.94,5.55,4.29,4.77,5.92,-0.01,-8.06,-12.55,-18.94,-24.07,-25.19,-28.35,-35.46,-40.19,-40.11,-37.87,-35.46,-34.01,-32.35,-28.6,-23.9,-19.18,-15.82,-14.43,-12.05,-8.79,-4.13,-0.21,0.74,2.37,6.25
26.64,26.49,25.82,24.47,23.15,22.73,22.44,20.79,17.21,13.14,10.79,9.49,7.11,4.07,1.64,-0.18,-0.42,1.12,2.21,2.38,2.41,2.29,2.11,2.23,2.9,4.31,6.27,7.46,6.73,4.76,2.64,0.68,-1.33,-3.92,-6.75,-9.11,-13.13,-18.93,-21.86,-20,-15.21,-9.7,-4.73,-0.1,2.94,4.82,6.93,7.94,7.05,4.71,3.56,2.97,1.45,3.34,-1.45,-10.68,-15.19,-21.52,-26.78,-29.08,-32.85,-38.03,-40.58,-39.44,-36.66,-34.01,-31.94,-29.63,-26.51,-22.59,-18.38,-15.8,-14.61,-12.51,-8.94,-4.73,-1.64,0.93,4.8,8.42
22.87,22.39,21.66,21.16,21.15,20.9,19.43,16.5,12.7,9.49,8.06,7.53,6.52,5.12,3.76,2.24,0.79,0.86,2.22,3.02,2.97,2.72,2.66,3.12,4.24,5.91,7.19,6.63,4.56,2.73,1.92,0.82,-1.89,-5.02,-6.75,-8.44,-11.18,-13.58,-15.31,-16.11,-15.15,-11.85,-6.42,-0.97,2.85,5.73,7.81,8.89,9.04,6.8,1.57,-4.13,-5.12,-2.19,-7.27,-15.27,-20.08,-26.01,-30.06,-32.66,-36.45,-39.34,-39.48,-37.44,-34.73,-32.12,-29.78,-27.37,-24.18,-20.77,-18.77,-17.86,-15.96,-12.48,-8.46,-4.98,-1.31,2.85,5.89,7.65
18.98,18.64,18.81,19.33,19.16,17.68,15.28,12.43,9.62,7.6,6.65,6.25,5.82,5.12,4.21,3.21,2.31,1.92,2.02,2.26,2.54,2.91,3.35,3.99,5.03,6.15,6.02,4.07,1.99,1.27,0.88,-1.85,-6.42,-8.55,-8.07,-9.07,-12.34,-14.81,-15.68,-15.54,-13.54,-9.26,-4.23,-0.01,3.89,7.46,9.31,9.51,8.14,3.85,-2.26,-6.44,-7.4,-10.21,-16.09,-20.45,-24.41,-28.62,-31.54,-34.55,-37.06,-37.41,-36.03,-33.94,-31.72,-29.35,-26.51,-23.71,-21.77,-20.86,-20.19,-18.58,-15.53,-11.75,-7.76,-3.29,0.91,3.63,5.39,8.01
16.16,16.74,17.3,17.13,15.84,13.88,11.91,10.07,8.47,7.43,7.08,6.9,6.16,5.1,4.25,3.62,3.1,2.74,2.6,2.66,2.88,3.29,3.85,4.26,4.41,3.8,1.85,-0.02,-0.42,-0.83,-3.18,-6.81,-8.46,-7.17,-7.45,-11.53,-15.42,-16.42,-15.44,-13.21,-9.72,-5.91,-2.27,1.78,4.75,4.55,4.2,5.86,4.66,-0.45,-5.05,-9.17,-13.72,-17.58,-20.7,-23.88,-27.1,-29.86,-32.13,-33.5,-33.09,-32.34,-31.13,-29.27,-26.73,-24.62,-23.51,-23.23,-22.56,-20.8,-18.45,-15.8,-12.64,-8.87,-4.65,-0.66,2.07,3.77,5.92,9.34
15,15.29,14.99,14.02,12.66,11.35,10.21,9.22,8.25,7.32,6.71,6.54,6.39,5.97,5.55,5.34,5.32,5.39,5.45,5.39,5.18,4.67,3.63,2.27,0.61,-1.84,-3.64,-3.59,-4.8,-8.54,-10.59,-8.54,-5.54,-6.48,-11.67,-16.13,-16.92,-15.46,-13.25,-10.27,-7.05,-3.97,-0.62,1.32,-0.08,-1.96,-0.82,0.85,-0.7,-4.56,-9.08,-13.74,-17.94,-21.48,-24.21,-26.01,-27.31,-27.82,-27.61,-27.74,-27.53,-27.2,-25.78,-24.24,-23.57,-24.11,-24.29,-22.55,-19.83,-17.73,-16.1,-13.98,-11.18,-7.88,-4.2,-0.86,1.5,3.56,6.36,10.12
13.3,13.01,12.07,10.64,9.35,8.55,8.18,8.02,7.87,7.71,7.59,7.62,7.74,7.84,7.83,7.7,7.53,7.38,7.16,6.59,5.44,3.57,1.26,-1.31,-4.46,-6.78,-7.26,-9.67,-14.7,-15.62,-10.86,-6.86,-7.61,-12.13,-16.45,-17.45,-15.76,-13.46,-10.97,-8.34,-5.86,-3.25,-1.44,-2.66,-5.78,-7.31,-7.17,-7.24,-7.46,-8.46,-12.53,-17.72,-20.56,-21.21,-21.31,-21.8,-23.57,-25.26,-25.21,-25.2,-25.26,-24.83,-24.4,-24.58,-24.6,-23.55,-21.74,-19.87,-18.36,-16.65,-14.19,-11.26,-8.21,-5.07,-2.23,-0.2,1.32,3.42,6.78,11.12
11.81,10.84,9.35,8.19,7.89,8.38,9.2,9.95,10.43,10.62,10.44,9.84,9.01,8.39,8.26,8.43,8.31,7.2,5.07,3.2,2.92,3.71,3.23,-0.46,-5.89,-9.63,-13.3,-19.22,-21.24,-16.33,-11.75,-11.09,-12.15,-14.37,-16.36,-15.89,-13.82,-12.04,-10.65,-8.71,-6.16,-4.05,-3.69,-5.73,-8.4,-9.09,-8.11,-7.83,-9.5,-12.54,-15.76,-18.23,-19.44,-19.68,-21.44,-22.23,-21.91,-23.69,-24.39,-23.94,-24.08,-24.18,-24.03,-23.76,-23.28,-22.36,-20.9,-18.87,-16.42,-13.81,-11.2,-8.58,-6.04,-3.9,-2.44,-1.28,0.59,3.8,7.93,12.04
10.31,9.14,7.81,7.25,7.78,8.95,10.15,10.98,11.25,10.74,9.41,7.87,7.04,7.15,7.48,7.05,5.3,2.3,-0.74,-1.94,-0.88,1.02,2.66,3.04,-0.66,-10.08,-21.13,-26.12,-22.9,-18.32,-16.82,-15.33,-12.86,-11.99,-13.28,-14.53,-14.22,-13.2,-12.19,-10.36,-7.64,-5.56,-5.21,-6.37,-8.19,-9.63,-10.06,-9.56,-8.97,-9.43,-12.3,-16.9,-20.69,-24.78,-23.8,-22.95,-23.16,-21.51,-21.48,-21.98,-23.07,-23.87,-23.83,-22.88,-21.27,-19.28,-17.21,-15.21,-13.26,-11.31,-9.39,-7.62,-6.18,-5.06,-3.86,-1.93,1.05,4.67,8.26,11.18
8.89,8.23,7.49,7.41,8.25,9.55,10.61,10.88,10.05,8.21,6.27,5.4,5.9,6.75,6.8,5.83,4.41,3.16,2.37,1.97,1.19,-0.3,-0.64,0.54,-3.14,-16.03,-28.24,-28.8,-23.31,-21,-20.07,-16.73,-12.88,-11.2,-11.9,-13.72,-14.74,-14.6,-14.09,-12.92,-10.62,-8.22,-7.07,-6.99,-7.18,-7.7,-9.2,-11.49,-12.17,-10.26,-9.1,-12.09,-18.68,-24.25,-24.4,-25.31,-23.33,-21.63,-19.98,-19.13,-18.99,-19.44,-19.87,-19.77,-18.99,-17.66,-15.94,-14.01,-12.07,-10.32,-8.92,-7.84,-6.92,-5.87,-4.27,-1.83,1.18,4.33,7.12,8.74
7.4,7.17,6.97,7.42,8.52,9.58,9.89,9.08,7.38,5.64,4.9,5.31,5.95,5.83,5.13,4.58,4.38,4.01,3.32,2.35,0.5,-2.19,-3.4,-3.24,-8.58,-21.93,-31.9,-30.16,-25.08,-24.32,-24.48,-21.85,-17.18,-12.89,-11.37,-12.66,-14.43,-15.2,-15.46,-15.37,-14.17,-11.69,-9.16,-7.63,-7.11,-7.03,-7,-8.24,-9.56,-8.61,-11.55,-10.67,-11.67,-14.28,-16.14,-20.37,-22.6,-22.59,-21.41,-21.28,-20.45,-19.3,-18.4,-17.53,-16.33,-14.79,-13.18,-11.79,-10.76,-10.02,-9.36,-8.64,-7.76,-6.54,-4.77,-2.5,0.14,2.81,4.74,5.15
5.39,5.58,6.08,7.02,7.96,8.3,7.85,6.86,5.87,5.33,5.25,5.1,4.49,3.85,3.95,4.76,5.36,4.99,3.84,2.22,-0.31,-3.69,-6.15,-7.59,-12.16,-21.94,-30.73,-31.94,-28.39,-25.57,-23.59,-20.43,-16.47,-13.66,-13,-13.72,-14.5,-14.89,-15.23,-15.7,-15.79,-14.91,-12.95,-10.62,-8.44,-6.95,-6.8,-7.09,-7.59,-8.06,-7.09,-9.98,-10.52,-9.82,-11.47,-12.1,-14.35,-16.63,-17.95,-18.84,-19.6,-19.41,-18.53,-17.38,-16.17,-14.95,-13.83,-12.87,-12.08,-11.28,-10.37,-9.35,-8.35,-7.4,-6.22,-4.41,-2,0.21,1.17,0.97
3.14,3.91,4.88,5.7,6.08,5.99,5.63,5.19,4.79,4.39,3.9,3.31,2.98,3.3,4.11,4.65,4.24,2.81,0.77,-1.44,-3.61,-5.33,-6.22,-7.1,-10.42,-17.61,-26.1,-30.9,-30.22,-26.36,-22.19,-18.63,-15.79,-14.05,-13.6,-13.95,-14.35,-14.49,-14.55,-14.67,-14.74,-14.57,-14,-13.03,-11.48,-9.76,-7.91,-6.19,-5.36,-5.83,-5.3,-4.87,-7.46,-8.5,-8.91,-9.77,-11.1,-13.48,-14.48,-14.82,-15.31,-16.03,-16.33,-16.15,-15.59,-14.82,-14.05,-13.34,-12.61,-11.73,-10.7,-9.84,-9.48,-9.41,-8.79,-7.07,-4.81,-3.31,-3.06,-2.92
1.12,2.08,2.84,3.33,3.58,3.7,3.71,3.64,3.54,3.41,3.27,3.2,3.26,3.35,3.18,2.45,1.19,-0.44,-2.42,-4.14,-5.62,-6.42,-6.42,-6.81,-9.24,-14.34,-20.56,-25.82,-28.36,-27.8,-25.03,-20.92,-16.72,-14.15,-13.93,-14.92,-15.37,-14.8,-13.74,-12.73,-12.02,-11.85,-11.8,-11.64,-11.23,-10.09,-8.65,-6.96,-5.25,-3.94,-2.42,-1.57,-1.95,-2.8,-4.1,-6.4,-8.7,-10.97,-13.12,-14.89,-16.11,-16.58,-16.6,-16.49,-16.32,-16.08,-15.68,-15.04,-14.24,-13.4,-12.75,-12.57,-12.81,-12.83,-11.83,-9.85,-7.95,-7.08,-6.87,-5.89
-0.82,-0.16,0.28,0.73,1.26,1.76,2.12,2.37,2.55,2.63,2.53,2.22,1.72,1.02,0.1,-0.87,-1.87,-2.9,-4,-5.7,-7.52,-8.52,-8.67,-9.19,-11.33,-15.16,-19.4,-22.76,-24.64,-25.09,-24.08,-21.9,-19.85,-18.88,-18.77,-18.23,-16.37,-13.59,-10.97,-9.38,-8.6,-7.86,-7.65,-8.41,-8.14,-7.2,-6.93,-5.68,-3.56,-1.73,-0.6,-0.31,-0.86,-2.5,-4.63,-5.8,-7.11,-8.74,-10.56,-12.62,-14.77,-16.54,-17.33,-17.38,-17.24,-17.35,-17.62,-17.7,-17.36,-16.78,-16.32,-16.19,-16.14,-15.52,-14.01,-12.09,-10.64,-9.97,-9.44,-8
-3.4,-2.86,-2.22,-1.5,-0.84,-0.43,-0.3,-0.32,-0.04,0.38,0.46,0.07,-0.79,-1.88,-3.05,-4.05,-4.79,-5.36,-5.95,-6.96,-8.64,-10.56,-11.99,-12.88,-14.09,-16.49,-19.39,-21.53,-22.2,-22.04,-21.84,-21.49,-20.95,-20.28,-19.3,-17.64,-15.18,-12.55,-10.66,-8.79,-6.64,-5.64,-5.48,-5.89,-5.57,-4.43,-3.14,-1.55,-0.32,0.23,-0.14,-1.33,-2.93,-4.48,-5.51,-6.48,-7.46,-8.76,-10.26,-11.84,-14.1,-16.42,-18.06,-18.89,-19.13,-19.2,-19.26,-19.19,-18.82,-18.23,-17.74,-17.47,-17.16,-16.35,-14.93,-13.32,-12.11,-11.44,-10.8,-9.5
-6.02,-5.45,-4.76,-4.19,-4.02,-4.27,-4.59,-4.37,-3.72,-2.98,-2.48,-2.5,-3.29,-4.53,-5.94,-7.43,-8.66,-9.27,-8.98,-7.98,-7.09,-7.02,-8.41,-10.61,-12.52,-13.69,-14.36,-14.78,-14.96,-14.89,-14.67,-14.5,-14.53,-14.48,-14.13,-13.26,-11.77,-9.97,-8.54,-7.86,-7.5,-6.42,-4.94,-3.57,-2.16,-0.86,0.17,0.87,0.82,-0.29,-2.23,-4.33,-6.1,-7.01,-7.43,-7.8,-8.32,-9.27,-10.77,-12.61,-14.63,-16.62,-18.11,-18.76,-18.72,-18.45,-18.3,-18.29,-18.25,-18.13,-17.98,-17.75,-17.24,-16.25,-14.88,-13.5,-12.49,-11.9,-11.39,-10.43
-8.39,-7.85,-7.6,-7.83,-8.25,-8.65,-8.68,-7.7,-6.76,-6.53,-6.36,-6.29,-6.4,-6.8,-7.73,-9.01,-10.36,-11.79,-12.92,-13.5,-13.55,-13.23,-13.09,-13.46,-14.1,-14.68,-14.85,-14.51,-13.94,-13.3,-12.44,-11.28,-10.14,-9.43,-9.5,-9.97,-10.29,-10.29,-10.12,-9.51,-8.17,-6.62,-5.27,-4.33,-3.77,-3.71,-4.17,-4.56,-5.09,-5.95,-7.1,-7.96,-8.38,-8.58,-8.82,-9.41,-10.23,-11.32,-12.68,-14.21,-15.71,-16.93,-17.65,-17.87,-17.78,-17.65,-17.67,-17.88,-18.17,-18.31,-18.14,-17.53,-16.51,-15.2,-13.86,-12.79,-12.1,-11.73,-11.37,-10.67
-10.66,-10.8,-11.11,-11.46,-11.76,-11.6,-11.01,-10.27,-9.59,-9.08,-8.68,-8.22,-7.62,-7.08,-6.93,-7.35,-8.23,-9.33,-10.45,-11.37,-12.04,-12.52,-12.83,-13.02,-13.13,-13.12,-12.98,-12.77,-12.52,-12.24,-11.92,-11.62,-11.36,-11.14,-10.96,-10.45,-9.73,-8.95,-8.11,-7.56,-7.14,-5.8,-3.87,-4.06,-4.8,-5.77,-6.91,-8.01,-8.78,-9.27,-9.61,-9.85,-10.11,-10.5,-11.06,-11.81,-12.73,-13.77,-14.81,-15.76,-16.49,-16.98,-17.27,-17.45,-17.63,-17.88,-18.14,-18.29,-18.16,-17.67,-16.81,-15.68,-14.44,-13.27,-12.34,-11.7,-11.33,-11.07,-10.72,-10.06
-13.46,-13.41,-13.53,-13.69,-13.72,-13.49,-13.04,-12.52,-12.07,-11.6,-10.96,-10.02,-8.83,-7.65,-6.85,-6.74,-7.31,-8.37,-9.66,-10.8,-11.49,-11.71,-11.61,-11.27,-10.78,-10.17,-9.44,-8.74,-8.26,-8.07,-8.35,-8.86,-8.37,-7.19,-8.74,-8.98,-8.43,-8.19,-7.86,-7.42,-7.11,-7,-7.17,-7.67,-8.28,-9.23,-10.54,-11.52,-11.88,-12.04,-12.24,-12.55,-12.93,-13.31,-13.66,-13.99,-14.35,-14.74,-15.17,-15.62,-16.09,-16.6,-17.1,-17.55,-17.82,-17.83,-17.51,-16.87,-15.95,-14.92,-13.89,-12.91,-12.04,-11.38,-10.93,-10.63,-10.37,-9.96,-9.27,-8.35
-16.06,-15.63,-15.3,-15.11,-15.02,-15.03,-15.06,-14.98,-14.7,-14.28,-13.76,-13.07,-12.28,-11.53,-10.97,-10.75,-10.91,-11.3,-11.68,-11.84,-11.7,-11.3,-10.85,-10.53,-10.32,-10.13,-9.85,-9.4,-8.73,-7.84,-6.71,-5.43,-4.31,-3.7,-3.91,-5.1,-6.3,-7.32,-7.99,-8.54,-9.21,-10.06,-11.04,-12.11,-13.14,-14.06,-14.81,-15.33,-15.6,-15.72,-15.71,-15.69,-15.71,-15.71,-15.72,-15.84,-16.15,-16.6,-17.1,-17.55,-17.83,-17.88,-17.66,-17.16,-16.45,-15.58,-14.6,-13.62,-12.75,-11.99,-11.28,-10.61,-9.94,-9.35,-8.86,-8.49,-8.18,-7.76,-7.11,-6.27
-18.84,-18.59,-18.25,-17.82,-17.27,-16.64,-15.99,-15.39,-14.91,-14.59,-14.37,-14.18,-13.92,-13.53,-13.01,-12.38,-11.7,-11.08,-10.57,-10.26,-10.12,-10.08,-10,-9.69,-9.04,-8.04,-6.86,-5.77,-4.97,-4.58,-4.67,-5.13,-5.76,-6.44,-7.23,-8.12,-9.1,-10.17,-11.47,-12.77,-13.96,-15,-15.99,-16.91,-17.54,-17.8,-17.79,-17.66,-17.52,-17.38,-17.26,-17.15,-17.1,-17.14,-17.26,-17.46,-17.68,-17.83,-17.84,-17.65,-17.22,-16.58,-15.77,-14.86,-13.95,-13.12,-12.38,-11.74,-11.16,-10.66,-10.17,-9.69,-9.24,-8.76,-8.21,-7.66,-7.15,-6.66,-6.14,-5.52
-20.8,-20.61,-20.27,-19.75,-19.07,-18.27,-17.47,-16.72,-16.02,-15.39,-14.83,-14.3,-13.75,-13.14,-12.47,-11.76,-11.11,-10.52,-9.98,-9.47,-8.96,-8.4,-7.81,-7.23,-6.77,-6.49,-6.49,-6.82,-7.48,-8.33,-9.25,-10.16,-11.05,-11.94,-12.88,-13.87,-14.79,-15.59,-16.32,-17,-17.58,-18.01,-18.17,-18.19,-18.12,-17.98,-17.78,-17.61,-17.5,-17.44,-17.43,-17.44,-17.44,-17.41,-17.36,-17.27,-17.12,-16.88,-16.55,-16.1,-15.55,-14.91,-14.2,-13.48,-12.81,-12.18,-11.61,-11.1,-10.66,-10.24,-9.82,-9.39,-8.93,-8.44,-7.92,-7.37,-6.79,-6.18,-5.52,-4.83
-21.66,-21.02,-20.23,-19.38,-18.54,-17.72,-16.96,-16.27,-15.68,-15.19,-14.8,-14.47,-14.13,-13.7,-13.16,-12.55,-11.9,-11.22,-10.56,-9.99,-9.58,-9.39,-9.46,-9.78,-10.31,-10.99,-11.78,-12.62,-13.43,-14.17,-14.85,-15.46,-16.09,-16.74,-17.36,-17.9,-18.34,-18.58,-18.65,-18.58,-18.4,-18.15,-17.88,-17.69,-17.54,-17.38,-17.24,-17.13,-17.09,-17.1,-17.12,-17.06,-16.91,-16.67,-16.36,-16.02,-15.66,-15.3,-14.94,-14.56,-14.16,-13.72,-13.25,-12.76,-12.24,-11.73,-11.21,-10.71,-10.21,-9.73,-9.26,-8.82,-8.37,-7.9,-7.39,-6.84,-6.28,-5.71,-5.19,-4.68
-21.49,-20.98,-20.42,-19.82,-19.21,-18.59,-17.92,-17.18,-16.38,-15.52,-14.68,-13.87,-13.09,-12.35,-11.71,-11.25,-11.07,-11.14,-11.44,-11.94,-12.54,-13.2,-13.88,-14.55,-15.21,-15.84,-16.48,-17.15,-17.81,-18.43,-18.94,-19.35,-19.68,-19.91,-20.01,-19.97,-19.8,-19.53,-19.2,-18.85,-18.52,-18.27,-18.07,-17.92,-17.79,-17.66,-17.53,-17.4,-17.25,-17.05,-16.8,-16.52,-16.21,-15.87,-15.52,-15.16,-14.8,-14.43,-14.06,-13.71,-13.4,-13.12,-12.87,-12.6,-12.31,-11.97,-11.58,-11.15,-10.71,-10.26,-9.76,-9.26,-8.74,-8.22,-7.72,-7.22,-6.7,-6.16,-5.62,-5.13
-20.71,-20.32,-19.92,-19.48,-19.01,-18.46,-17.83,-17.1,-16.29,-15.44,-14.6,-13.81,-13.1,-12.52,-12.12,-11.91,-11.92,-12.12,-12.5,-13.03,-13.65,-14.34,-15.07,-15.84,-16.66,-17.53,-18.4,-19.25,-20.01,-20.65,-21.14,-21.44,-21.62,-21.7,-21.65,-21.48,-21.18,-20.81,-20.39,-19.95,-19.53,-19.15,-18.82,-18.53,-18.31,-18.13,-17.98,-17.86,-17.77,-17.7,-17.63,-17.54,-17.42,-17.24,-16.99,-16.62,-16.18,-15.71,-15.22,-14.72,-14.22,-13.71,-13.17,-12.62,-12.08,-11.57,-11.1,-10.61,-10.12,-9.63,-9.19,-8.8,-8.42,-8.04,-7.64,-7.22,-6.77,-6.32,-5.85,-5.32
-19.68,-19.31,-18.87,-18.36,-17.77,-17.14,-16.51,-15.93,-15.41,-14.96,-14.55,-14.15,-13.76,-13.37,-13.08,-12.88,-12.78,-12.75,-12.81,-12.95,-13.23,-13.73,-14.47,-15.37,-16.36,-17.33,-18.27,-19.3,-20.59,-21.98,-22.76,-23.13,-23.32,-23.4,-23.4,-23.34,-23.24,-23.11,-22.94,-22.76,-22.53,-22.26,-21.92,-21.53,-21.11,-20.66,-20.2,-19.73,-19.28,-18.85,-18.47,-18.17,-17.93,-17.74,-17.56,-17.35,-17.07,-16.69,-16.23,-15.71,-15.18,-14.68,-14.19,-13.71,-13.2,-12.66,-12.07,-11.44,-10.79,-10.15,-9.53,-8.93,-8.36,-7.81,-7.28,-6.76,-6.22,-5.68,-5.11,-4.51
-19.15,-18.87,-18.74,-18.65,-18.48,-18.27,-18.03,-17.82,-17.63,-17.5,-17.39,-17.36,-17.3,-17.19,-17.04,-16.85,-16.65,-16.42,-16.21,-15.96,-15.62,-15.36,-15.51,-15.6,-15.65,-15.73,-15.91,-16.26,-16.81,-17.57,-18.47,-19.41,-20.32,-21.13,-21.84,-22.46,-22.99,-23.41,-23.71,-23.87,-23.89,-23.82,-23.67,-23.49,-23.29,-23.09,-22.87,-22.62,-22.32,-21.96,-21.56,-21.12,-20.66,-20.18,-19.69,-19.17,-18.66,-18.1,-17.56,-17.06,-16.58,-16.11,-15.63,-15.13,-14.62,-14.07,-13.5,-12.91,-12.32,-11.71,-11.1,-10.49,-9.88,-9.26,-8.64,-8.02,-7.41,-6.81,-6.2,-5.61
-19.71,-19.79,-19.88,-19.96,-20.02,-20.07,-20.1,-20.1,-20.06,-20,-19.89,-19.76,-19.59,-19.41,-19.18,-18.95,-18.69,-18.51,-18.36,-18.27,-18.25,-18.27,-18.34,-18.45,-18.58,-18.72,-18.84,-18.96,-19.03,-19.09,-19.07,-19.06,-19.08,-19.14,-19.18,-19.23,-19.3,-19.41,-19.54,-19.69,-19.86,-20.03,-20.18,-20.31,-20.39,-20.43,-20.41,-20.34,-20.22,-20.03,-19.8,-19.53,-19.21,-18.87,-18.5,-18.11,-17.72,-17.31,-16.91,-16.52,-16.14,-15.77,-15.41,-15.07,-14.74,-14.41,-14.09,-13.76,-13.43,-13.08,-12.71,-12.33,-11.93,-11.51,-11.06,-10.6,-10.11,-9.6,-9.07,-8.53
-20.54,-20.41,-20.25,-20.08,-19.9,-19.7,-19.49,-19.27,-19.05,-18.82,-18.59,-18.36,-18.13,-17.92,-17.71,-17.51,-17.32,-17.15,-17,-16.87,-16.76,-16.66,-16.59,-16.54,-16.51,-16.5,-16.51,-16.54,-16.58,-16.63,-16.7,-16.76,-16.83,-16.91,-16.99,-17.06,-17.13,-17.2,-17.25,-17.29,-17.32,-17.34,-17.34,-17.32,-17.29,-17.24,-17.17,-17.08,-16.99,-16.86,-16.72,-16.57,-16.39,-16.2,-16,-15.77,-15.54,-15.29,-15.03,-14.76,-14.47,-14.17,-13.86,-13.54,-13.22,-12.87,-12.52,-12.16,-11.78,-11.38,-10.98,-10.57,-10.14,-9.72,-9.28,-8.85,-8.41,-7.97,-7.53,-7.1
-17.24,-17.15,-17.05,-16.95,-16.84,-16.73,-16.62,-16.5,-16.39,-16.27,-16.15,-16.02,-15.9,-15.78,-15.66,-15.55,-15.43,-15.32,-15.21,-15.1,-14.99,-14.89,-14.8,-14.71,-14.62,-14.54,-14.46,-14.38,-14.32,-14.25,-14.19,-14.14,-14.08,-14.04,-14,-13.96,-13.91,-13.88,-13.85,-13.81,-13.78,-13.74,-13.7,-13.67,-13.64,-13.59,-13.55,-13.49,-13.44,-13.38,-13.31,-13.25,-13.17,-13.09,-12.99,-12.89,-12.78,-12.66,-12.53,-12.4,-12.26,-12.11,-11.94,-11.77,-11.59,-11.4,-11.2,-10.99,-10.77,-10.55,-10.32,-10.08,-9.83,-9.57,-9.31,-9.04,-8.77,-8.49,-8.2,-7.91
