data/20140501-wind-isobaric-500hPa-gfs-1.0.json
{"header": {"discipline":0,"disciplineName":"Meteorological products","gribEdition":2,"gribLength":134623,"center":7,"centerName":"US National Weather Service - NCEP(WMC)","subcenter":0,"refTime":"2014-05-01T06:00:00.000Z","significanceOfRT":1,"significanceOfRTName":"Start of forecast","productStatus":0,"productStatusName":"Operational products","productType":1,"productTypeName":"Forecast products","productDefinitionTemplate":0,"productDefinitionTemplateName":"Analysis/forecast at horizontal level/layer at a point in time","parameterCategory":2,"parameterCategoryName":"Momentum","parameterNumber":2,"parameterNumberName":"U-component_of_wind","parameterUnit":"m.s-1","genProcessType":2,"genProcessTypeName":"Forecast","forecastTime":9,"surface1Type":100,"surface1TypeName":"Isobaric surface","surface1Value":50000,"surface2Type":255,"surface2TypeName":"Missing","surface2Value":0,"gridDefinitionTemplate":0,"gridDefinitionTemplateName":"Latitude_Longitude","numberPoints":65160,"shape":6,"shapeName":"Earth spherical with radius of 6,371,229.0 m","gridUnits":"degrees","resolution":48,"winds":"true","scanMode":0,"nx":360,"ny":181,"basicAngle":0,"subDivisions":0,"lo1":0,"la1":90,"lo2":359,"la2":-90,"dx":1,"dy":1}, "data":
[rows 0 to 34 of 181, columns 79 to 157 of 360]
-0.86,-0.77,-0.69,-0.6,-0.52,-0.44,-0.35,-0.27,-0.18,-0.1,-0.01,0.07,0.16,0.24,0.33,0.41,0.49,0.58,0.66,0.75,0.83,0.91,1,1.08,1.16,1.24,1.33,1.41,1.49,1.57,1.65,1.73,1.81,1.88,1.96,2.04,2.12,2.19,2.27,2.34,2.42,2.49,2.56,2.63,2.7,2.77,2.84,2.91,2.98,3.04,3.11,3.17,3.24,3.3,3.36,3.42,3.48,3.54,3.6,3.65,3.71,3.76,3.82,3.87,3.92,3.97,4.02,4.06,4.11,4.15,4.2,4.24,4.28,4.32,4.36,4.39,4.43,4.46,4.5
-4.39,-4.3,-4.29,-4.19,-4.09,-3.99,-3.99,-3.89,-3.79,-3.7,-3.69,-3.59,-3.5,-3.49,-3.39,-3.3,-3.25,-3.19,-3.1,-3.08,-3,-2.9,-2.89,-2.8,-2.7,-2.7,-2.6,-2.58,-2.5,-2.41,-2.4,-2.31,-2.3,-2.21,-2.16,-2.11,-2.01,-2.01,-1.91,-1.91,-1.81,-1.81,-1.71,-1.68,-1.61,-1.53,-1.51,-1.43,-1.41,-1.33,-1.31,-1.23,-1.21,-1.13,-1.1,-1.03,-0.93,-0.93,-0.83,-0.83,-0.73,-0.73,-0.63,-0.63,-0.53,-0.53,-0.43,-0.43,-0.33,-0.28,-0.23,-0.2,-0.13,-0.12,-0.03,-0.03,0.07,0.07,0.17
-7.09,-7.01,-6.92,-6.82,-6.72,-6.62,-6.56,-6.52,-6.42,-6.32,-6.32,-6.22,-6.12,-6.12,-6.02,-6.02,-5.92,-5.92,-5.82,-5.82,-5.72,-5.72,-5.72,-5.65,-5.62,-5.62,-5.62,-5.52,-5.52,-5.52,-5.52,-5.52,-5.52,-5.42,-5.42,-5.42,-5.42,-5.43,-5.43,-5.43,-5.43,-5.43,-5.43,-5.43,-5.43,-5.43,-5.33,-5.33,-5.33,-5.33,-5.33,-5.33,-5.33,-5.33,-5.33,-5.33,-5.33,-5.33,-5.33,-5.24,-5.24,-5.24,-5.23,-5.23,-5.14,-5.14,-5.14,-5.14,-5.04,-5.04,-5.04,-4.94,-4.94,-4.94,-4.84,-4.84,-4.74,-4.74,-4.64
-9.27,-9.17,-9.07,-8.97,-8.87,-8.77,-8.67,-8.57,-8.53,-8.47,-8.37,-8.27,-8.27,-8.17,-8.17,-8.11,-8.07,-8.07,-8.07,-8.07,-8.07,-8.07,-8.07,-8.07,-8.07,-8.07,-8.17,-8.17,-8.26,-8.26,-8.35,-8.36,-8.45,-8.46,-8.55,-8.59,-8.65,-8.75,-8.75,-8.85,-8.94,-8.95,-9.04,-9.14,-9.17,-9.24,-9.33,-9.34,-9.43,-9.53,-9.53,-9.63,-9.63,-9.73,-9.73,-9.83,-9.83,-9.83,-9.93,-9.93,-9.93,-10.02,-10.03,-10.03,-10.03,-10.03,-10.03,-10.03,-10.03,-10.03,-10.02,-9.93,-9.93,-9.93,-9.92,-9.83,-9.83,-9.73,-9.73
-10.95,-10.85,-10.75,-10.66,-10.58,-10.55,-10.45,-10.35,-10.25,-10.25,-10.15,-10.13,-10.05,-10.03,-9.97,-9.95,-9.95,-9.95,-9.95,-10.03,-10.03,-10.12,-10.13,-10.23,-10.33,-10.42,-10.52,-10.62,-10.73,-10.83,-11.01,-11.11,-11.3,-11.46,-11.6,-11.79,-11.99,-12.17,-12.29,-12.47,-12.67,-12.87,-13.06,-13.21,-13.38,-13.56,-13.74,-13.94,-14.04,-14.23,-14.39,-14.52,-14.71,-14.82,-15,-15.1,-15.2,-15.3,-15.4,-15.5,-15.58,-15.68,-15.77,-15.78,-15.86,-15.88,-15.88,-15.88,-15.88,-15.88,-15.86,-15.86,-15.78,-15.76,-15.66,-15.58,-15.5,-15.41,-15.28
-11.87,-11.77,-11.67,-11.58,-11.55,-11.47,-11.37,-11.36,-11.27,-11.27,-11.24,-11.17,-11.17,-11.17,-11.17,-11.21,-11.24,-11.24,-11.32,-11.34,-11.44,-11.51,-11.54,-11.69,-11.78,-11.93,-12.07,-12.22,-12.42,-12.54,-12.74,-13,-13.19,-13.42,-13.66,-13.87,-14.12,-14.42,-14.62,-14.9,-15.12,-15.38,-15.62,-15.86,-16.14,-16.39,-16.62,-16.89,-17.11,-17.37,-17.59,-17.84,-18.09,-18.29,-18.5,-18.69,-18.89,-19.08,-19.26,-19.46,-19.6,-19.74,-19.88,-20.03,-20.13,-20.23,-20.29,-20.33,-20.4,-20.43,-20.43,-20.43,-20.43,-20.4,-20.33,-20.3,-20.23,-20.13,-20.03
-12.46,-12.32,-12.16,-12.06,-11.96,-11.86,-11.8,-11.76,-11.7,-11.69,-11.66,-11.66,-11.7,-11.75,-11.76,-11.84,-11.86,-11.96,-12.06,-12.13,-12.22,-12.32,-12.41,-12.5,-12.65,-12.76,-12.86,-13.03,-13.16,-13.36,-13.55,-13.69,-13.89,-14.12,-14.33,-14.58,-14.82,-15.07,-15.3,-15.56,-15.86,-16.15,-16.48,-16.77,-17.12,-17.45,-17.79,-18.18,-18.54,-18.92,-19.31,-19.63,-19.99,-20.34,-20.66,-20.95,-21.24,-21.53,-21.74,-21.94,-22.08,-22.28,-22.38,-22.43,-22.52,-22.56,-22.56,-22.6,-22.56,-22.54,-22.44,-22.42,-22.33,-22.24,-22.18,-22.08,-21.91,-21.8,-21.68
-13.3,-13.05,-12.8,-12.61,-12.41,-12.25,-12.12,-12.03,-11.94,-11.9,-11.85,-11.85,-11.9,-11.9,-12,-12.1,-12.2,-12.3,-12.41,-12.51,-12.65,-12.75,-12.85,-12.99,-13.08,-13.17,-13.3,-13.4,-13.51,-13.65,-13.8,-13.99,-14.19,-14.38,-14.6,-14.87,-15.15,-15.46,-15.8,-16.19,-16.58,-16.98,-17.46,-17.85,-18.27,-18.67,-19.06,-19.4,-19.7,-19.95,-20.2,-20.36,-20.45,-20.54,-20.51,-20.46,-20.41,-20.27,-20.16,-19.98,-19.81,-19.59,-19.4,-19.16,-18.96,-18.76,-18.52,-18.31,-18.11,-17.89,-17.64,-17.45,-17.24,-17.01,-16.82,-16.62,-16.38,-16.18,-16.01
-14.27,-13.98,-13.68,-13.45,-13.15,-12.9,-12.66,-12.46,-12.31,-12.14,-12.04,-11.94,-11.9,-11.9,-12,-12.1,-12.2,-12.3,-12.43,-12.6,-12.7,-12.8,-12.86,-12.99,-13.1,-13.2,-13.34,-13.5,-13.65,-13.8,-14,-14.19,-14.38,-14.62,-14.92,-15.22,-15.56,-15.91,-16.3,-16.69,-16.99,-17.34,-17.62,-17.85,-18.05,-18.15,-18.15,-18.15,-18.11,-17.97,-17.81,-17.67,-17.47,-17.27,-17.1,-16.91,-16.81,-16.62,-16.51,-16.35,-16.18,-16.03,-15.84,-15.61,-15.4,-15.21,-14.92,-14.63,-14.34,-14.06,-13.77,-13.45,-13.1,-12.77,-12.41,-12.02,-11.68,-11.31,-10.92
-14.5,-14.37,-14.2,-13.94,-13.71,-13.41,-13.12,-12.82,-12.57,-12.3,-12.1,-11.9,-11.78,-11.78,-11.75,-11.78,-11.82,-11.95,-12.15,-12.29,-12.48,-12.57,-12.6,-12.68,-12.79,-12.98,-13.18,-13.38,-13.58,-13.78,-13.98,-14.18,-14.39,-14.63,-14.88,-15.16,-15.39,-15.65,-15.85,-16.02,-16.12,-16.19,-16.19,-16.13,-16.03,-15.87,-15.76,-15.57,-15.47,-15.31,-15.19,-15.09,-14.99,-14.94,-14.85,-14.76,-14.67,-14.5,-14.42,-14.32,-14.19,-14.12,-14.05,-14,-13.96,-13.89,-13.82,-13.73,-13.61,-13.51,-13.33,-13.11,-12.89,-12.58,-12.21,-11.8,-11.41,-10.92,-10.41
-14.3,-14.1,-13.99,-13.89,-13.79,-13.63,-13.44,-13.17,-12.87,-12.5,-12.11,-11.7,-11.4,-11.11,-10.97,-10.87,-10.85,-10.94,-11.04,-11.15,-11.42,-11.63,-11.85,-12.03,-12.16,-12.27,-12.46,-12.66,-12.85,-13.07,-13.34,-13.53,-13.67,-13.85,-13.95,-14.05,-14.15,-14.24,-14.24,-14.24,-14.14,-14.04,-13.93,-13.78,-13.64,-13.54,-13.45,-13.35,-13.35,-13.25,-13.25,-13.21,-13.17,-13.17,-13.27,-13.39,-13.52,-13.73,-14.04,-14.35,-14.7,-14.99,-15.24,-15.42,-15.52,-15.5,-15.4,-15.3,-15.09,-14.84,-14.56,-14.17,-13.78,-13.39,-12.9,-12.31,-11.73,-11.14,-10.53
-13.99,-13.79,-13.59,-13.39,-13.19,-12.99,-12.89,-12.79,-12.6,-12.47,-12.19,-11.8,-11.31,-10.83,-10.43,-9.94,-9.55,-9.29,-9.18,-9.18,-9.37,-9.56,-9.84,-10.07,-10.27,-10.47,-10.7,-10.97,-11.19,-11.47,-11.57,-11.77,-11.94,-12.07,-12.12,-12.17,-12.17,-12.08,-12.08,-12.08,-12.09,-12.09,-12.14,-12.19,-12.19,-12.2,-12.2,-12.2,-12.2,-12.2,-12.3,-12.4,-12.55,-12.8,-13.12,-13.5,-13.9,-14.29,-14.6,-14.89,-15.09,-15.19,-15.19,-15.19,-15.1,-15.1,-15.1,-15.11,-15.11,-15.01,-14.81,-14.57,-14.18,-13.69,-13.1,-12.51,-11.83,-11.13,-10.44
-10.87,-11.14,-11.34,-11.53,-11.63,-11.72,-11.72,-11.62,-11.58,-11.49,-11.31,-11.11,-10.82,-10.53,-10.14,-9.65,-9.06,-8.47,-7.89,-7.3,-6.92,-6.72,-6.73,-6.9,-7.19,-7.58,-7.87,-8.16,-8.44,-8.63,-8.82,-9.01,-9.2,-9.33,-9.53,-9.63,-9.75,-9.92,-10.12,-10.32,-10.52,-10.78,-11.02,-11.16,-11.31,-11.41,-11.51,-11.61,-11.71,-11.81,-11.91,-12.01,-12.11,-12.21,-12.34,-12.62,-12.82,-13.11,-13.32,-13.52,-13.68,-13.77,-13.91,-14.11,-14.41,-14.71,-15.01,-15.28,-15.3,-15.21,-14.96,-14.67,-14.18,-13.69,-13.1,-12.51,-11.85,-11.17,-10.54
-7.5,-7.61,-7.8,-7.99,-8.11,-8.31,-8.42,-8.57,-8.71,-8.81,-8.91,-8.91,-8.9,-8.82,-8.62,-8.33,-8.02,-7.63,-7.23,-6.72,-6.13,-5.47,-4.87,-4.49,-4.27,-4.1,-4.14,-4.41,-4.73,-5.11,-5.5,-5.79,-6.1,-6.4,-6.74,-7.03,-7.39,-7.69,-7.98,-8.28,-8.58,-8.84,-9.08,-9.32,-9.51,-9.7,-9.89,-10.17,-10.37,-10.63,-10.76,-10.9,-10.93,-10.85,-10.75,-10.75,-10.85,-11.07,-11.44,-11.82,-12.11,-12.35,-12.48,-12.75,-13.06,-13.57,-14.14,-14.61,-14.89,-14.92,-14.81,-14.6,-14.3,-13.98,-13.49,-12.9,-12.24,-11.62,-10.94
-3.84,-3.95,-4.24,-4.53,-4.84,-5.12,-5.39,-5.56,-5.66,-5.74,-5.66,-5.64,-5.56,-5.56,-5.56,-5.29,-5.09,-4.89,-4.67,-4.49,-4.36,-4.21,-3.88,-3.46,-2.97,-2.6,-2.36,-2.26,-2.23,-2.28,-2.43,-2.64,-2.96,-3.52,-4.01,-4.47,-4.76,-5.05,-5.36,-5.73,-6.04,-6.4,-6.74,-7.08,-7.36,-7.62,-7.81,-7.94,-8.13,-8.31,-8.54,-8.84,-9.07,-9.21,-9.21,-9.17,-9.11,-9.13,-9.41,-9.81,-10.29,-10.75,-11.13,-11.46,-11.87,-12.43,-13.05,-13.73,-14.15,-14.4,-14.43,-14.33,-14.11,-13.82,-13.33,-12.91,-12.33,-11.74,-11.15
-1.43,-0.69,-0.09,0.23,0.17,-0.14,-0.67,-1.22,-1.73,-2.25,-2.67,-2.9,-3.03,-3.04,-2.87,-2.54,-2.19,-1.82,-1.47,-1.23,-1.27,-1.58,-1.88,-2.03,-2.15,-2.1,-1.73,-1.33,-1.04,-0.98,-0.92,-1.02,-1.12,-1.27,-1.58,-1.97,-2.31,-2.66,-2.95,-3.19,-3.47,-3.72,-4.05,-4.44,-4.82,-5.2,-5.5,-5.79,-5.95,-6.08,-6.22,-6.37,-6.59,-6.85,-7.09,-7.19,-7.15,-6.96,-6.79,-6.85,-7.12,-7.78,-8.56,-9.31,-10.04,-10.73,-11.41,-12.01,-12.4,-12.63,-12.63,-12.59,-12.49,-12.35,-12.15,-11.93,-11.64,-11.21,-10.7
0.43,0.97,1.56,2.28,3.06,3.62,3.86,3.72,3.21,2.42,1.39,0.61,0.11,-0.29,-0.5,-0.55,-0.48,-0.33,-0.14,0,0.05,-0.05,-0.33,-0.77,-1.16,-1.52,-1.65,-1.45,-1.1,-0.71,-0.46,-0.25,-0.2,-0.25,-0.4,-0.52,-0.7,-0.91,-1.05,-1.25,-1.45,-1.58,-1.78,-2.04,-2.33,-2.72,-3.11,-3.5,-3.89,-4.19,-4.45,-4.68,-4.8,-4.87,-4.95,-5,-5.05,-4.9,-4.52,-4.03,-3.67,-3.66,-4.09,-4.86,-5.7,-6.54,-7.27,-7.86,-8.45,-8.89,-9.29,-9.56,-9.76,-9.94,-10.04,-10.1,-10.16,-10.12,-9.9
1.05,2.47,3.66,4.27,4.78,5.41,6.03,6.6,6.94,6.76,5.85,4.52,3.12,1.95,1.25,0.98,0.86,0.78,0.78,0.58,0.28,0.04,-0.2,-0.47,-0.76,-1.05,-1.4,-1.62,-1.7,-1.74,-1.6,-1.39,-1.06,-0.7,-0.47,-0.27,-0.2,-0.16,-0.26,-0.36,-0.46,-0.59,-0.72,-0.86,-1.02,-1.29,-1.63,-1.98,-2.32,-2.67,-3.11,-3.54,-3.87,-4.15,-4.36,-4.4,-4.3,-4.11,-3.73,-3.24,-2.49,-1.69,-0.99,-0.59,-0.48,-0.59,-1.06,-1.7,-2.57,-3.58,-4.72,-5.88,-6.76,-7.47,-7.94,-8.37,-8.71,-9.02,-9.22
2.5,3.7,4.76,5.66,6.31,6.88,7.53,8,8.49,8.86,8.91,8.21,6.68,4.82,3.1,1.82,1.22,1.04,1.14,1.26,1.1,0.66,0.18,-0.34,-0.73,-1.12,-1.44,-1.61,-1.7,-1.7,-1.77,-1.87,-1.84,-1.73,-1.5,-1.13,-0.81,-0.52,-0.23,-0.11,-0.1,-0.17,-0.14,-0.14,-0.11,-0.18,-0.39,-0.61,-0.88,-1.17,-1.38,-1.62,-1.94,-2.36,-2.85,-3.43,-3.75,-3.79,-3.61,-3.15,-2.59,-1.88,-0.97,0.01,0.99,1.87,2.51,2.86,2.75,2,0.59,-1.3,-3.18,-4.79,-5.98,-6.8,-7.51,-8.21,-8.73
12.72,15.02,16.69,17.44,17.44,16.35,14.82,12.92,11.22,10.3,9.92,9.85,9.31,7.72,5.14,2.59,0.66,-0.34,-0.48,-0.11,0.3,0.63,0.61,0.37,-0.02,-0.61,-1.12,-1.61,-1.89,-2,-2,-1.91,-1.9,-1.81,-1.69,-1.56,-1.3,-0.91,-0.52,-0.13,0.19,0.51,0.74,0.99,1.15,1.3,1.58,1.59,1.63,1.57,1.55,1.59,1.45,1.32,0.96,0.64,0.25,-0.02,-0.15,-0.07,0.08,0.21,0.39,0.59,0.86,1.32,1.77,2.35,2.86,2.97,2.41,1,-0.84,-2.69,-4.25,-5.51,-6.52,-7.3,-8.02
18.47,17.86,17.26,16.51,16.12,16.91,18.33,18.92,17.8,16.15,13.27,11.55,10.87,9.8,7.98,5.25,2.2,-0.62,-2.64,-3.24,-2.77,-1.69,-0.49,0.54,0.91,0.68,0.07,-0.61,-1.29,-1.79,-1.89,-2.01,-2.1,-2,-1.77,-1.59,-1.4,-1.13,-0.92,-0.53,-0.14,0.28,0.74,1.12,1.61,2.1,2.6,3.09,3.58,3.9,3.97,4.11,4.16,4.01,3.99,3.71,3.53,3.23,2.94,2.76,2.62,2.62,2.71,2.82,2.83,2.74,2.54,2.42,2.41,2.4,2.2,1.54,0.45,-1,-2.46,-3.84,-5.23,-6.32,-7.14
18.61,19.22,19.99,19.4,17.38,15.68,15.1,15.4,16.28,16.49,16.51,14.89,13.2,12.33,10.42,8.6,5.22,1.87,-1.5,-4.44,-5.2,-4.8,-3.65,-1.72,0.33,1.79,2.29,1.76,0.76,-0.21,-0.9,-1.39,-1.61,-1.61,-1.61,-1.61,-1.71,-1.71,-1.71,-1.51,-1.22,-0.83,-0.44,-0.05,0.47,1.05,1.6,2,2.49,2.6,2.78,3.41,3.41,3.54,3.91,4.2,4.1,4.09,4.19,4.19,4.13,3.84,4.29,3.89,3.99,3.99,3.99,3.81,3.59,3.29,3.09,2.85,2.46,1.76,0.68,-0.59,-2.36,-4.22,-5.63
19.84,19.22,19.21,19.91,20.68,21.08,20.12,17.78,15.84,15.01,15.23,15.9,14.74,13.68,12.81,11.56,9.56,6.85,3.67,0.54,-2.19,-3.8,-3.69,-2.93,-1.45,0.76,2.74,3.79,3.61,2.53,1.18,0.3,-0.03,0.23,0.8,1.28,1.63,1.83,1.89,1.6,1.2,0.65,-0.03,-0.68,-1.23,-1.77,-2.01,-1.97,-1.58,-1.47,-1.32,-0.98,-0.64,-0.16,0.41,0.99,1.56,2.13,2.89,3.25,3.93,4.49,4.84,5.25,5.34,5.23,5.24,5.05,4.96,5.02,5.24,5.04,4.94,4.93,4.69,3.98,2.72,1.06,-1.14
22.28,20.99,19.45,18.36,17.66,18.19,19.95,20.34,18.23,15.84,15.5,15.87,15.36,14.03,13.42,13.2,12.09,10.87,9.11,7.17,4.58,2.43,0.79,0.01,0.27,1.15,2.52,3.94,4.59,4.07,2.78,1.59,0.91,0.45,0.25,0.28,0.54,1.04,1.72,2.41,3.05,3.47,3.51,3.14,2.31,1.08,-0.3,-1.65,-2.49,-2.9,-3.24,-3.12,-2.61,-1.99,-1.4,-0.81,-0.2,0.23,0.6,0.99,1.39,1.75,2.33,2.79,3.59,4.24,5.07,5.95,6.42,6.77,7.03,7.15,7.03,6.98,7.2,7.21,6.97,6.27,4.97
20.45,19.21,18.17,17.67,17.36,16.79,16.84,18.24,19.33,18.45,16.86,16.16,15.62,14.15,12.88,12.69,12.62,11.75,10.97,10.2,8.92,7.03,5.25,4.12,3.89,4.1,4.03,4.07,4.22,3.77,2.53,1.32,0.37,-0.5,-1.17,-1.51,-1.67,-1.77,-1.82,-1.53,-1.01,-0.26,0.59,1.54,2.17,2.5,2.46,2.23,1.83,1.41,1.24,1.31,2.01,2.34,2.62,2.66,2.89,3.22,3.7,4.29,4.88,5.39,5.87,6,5.85,5.65,5.11,4.67,4.69,5.41,6.31,7.54,8.64,9.2,9.56,9.53,9.18,9.03,8.67
17.96,17.36,16.48,15.93,16.24,17.13,17.64,17.43,17.3,17.64,17.96,16.44,14.77,13.21,11.57,10.98,10.83,10.78,10.32,9.98,9.54,8.48,6.86,5.6,5.3,5.35,4.75,3.92,3.38,2.59,1.13,-0.73,-2.41,-3.95,-5.01,-5.52,-5.46,-5.06,-4.62,-4.23,-4.02,-3.75,-3.52,-3.25,-2.96,-2.41,-1.69,-1,-0.5,-0.1,0.06,-0.03,-0.84,-1.67,-2.53,-2.67,-2.66,-2.13,-1.34,-0.1,1.56,3.3,5.02,6.34,7.04,7.59,8.19,8.19,8.66,8.17,7.89,7.68,7.31,7.67,8.78,9.72,10.42,10.34,10.18
15.96,15.36,14.62,13.98,13.62,13.94,15.26,16.57,16.04,15,15.24,14.72,12.87,11.39,9.76,8.43,8.16,8.56,8.99,9.16,8.81,7.89,6.48,5.22,4.41,3.98,3.71,3.53,3.07,2.04,0.47,-1.02,-2.44,-4.1,-5.6,-6.01,-5.78,-5.05,-4.56,-4.31,-4.34,-4.27,-3.96,-3.63,-3.32,-3.08,-2.76,-2.5,-2.24,-2.38,-3.22,-4.53,-5.39,-5.35,-5.21,-5.3,-5.33,-4.74,-3.29,-1.75,-1.21,-1.6,-1.25,0.33,1.56,3.46,4.68,6.19,7.4,8.07,9.55,10.05,9.86,9.35,8.61,8.53,8.94,9.58,9.87
14.5,13.58,12.9,12.7,12.35,11.81,12.42,14.17,14.75,13.89,13.19,12.27,10.7,9.37,7.65,5.72,5.58,6.37,7.22,7.6,7.37,6.45,5.13,4.01,2.89,1.82,1.57,2.09,2.74,2.63,1.95,1.51,1.41,1.35,1.29,1.11,0.72,0.32,0.46,0.88,1.04,0.58,-0.39,-1.09,-1.05,-0.44,0.51,1.13,0.91,-0.4,-1.84,-2.77,-3.13,-3.45,-3.61,-3.3,-3.38,-3.92,-5.16,-6.56,-6.95,-4.97,-3.55,-2.78,-1.65,-0.97,0.69,1.84,3.19,5.02,6.56,7.64,9.1,9.58,9.76,9.84,9.35,9.45,9.36
13.61,12.86,12.1,11.76,11.59,11.06,10.81,11.74,13.38,13.29,11.92,10.41,8.92,7.22,5.03,3.55,4.33,5.68,6.42,6.59,6.25,5.38,4.32,3.32,1.81,0.36,-0.35,0.12,1.25,2.28,3.11,3.72,4.25,4.56,4.27,3.63,2.64,1.67,1.38,1.75,2.47,3.16,3.5,3.31,2.87,2.3,2.08,2.22,2.81,3.2,3.1,2.71,2.51,2.04,1.46,1.26,1.36,1.07,-0.46,-2.88,-5.91,-7.05,-6.92,-6.06,-4.13,-2.3,-1.98,-1.21,0.1,1.22,3.45,5.32,6.5,7.75,8.75,9.65,10.97,11.59,11.76
12.43,12.04,11.68,11.1,10.81,10.62,10.29,10.36,11.55,12.23,10.92,8.56,7,5.23,3.33,3.4,5.24,6.68,7,6.49,5.6,4.63,3.84,2.96,1.53,0.17,-0.62,-0.45,0.73,2.31,3.9,5.19,6.11,6.2,5.84,5.36,4.99,4.98,5.07,4.78,4.28,4.04,3.73,3.72,3.86,4.15,4,3.42,3.12,3.39,3.95,4.49,5.31,5.68,5.71,5.61,5.14,4.65,4.53,3.7,3.27,4.62,4.12,3.82,3.93,4.69,5.38,5.81,5,4.27,4.55,5.25,5.9,6.94,8.09,9.35,10.26,10.75,11.87
9.97,9.81,10.2,10.1,10,10.16,9.94,9.45,9.66,10.18,9.05,7.1,5.24,2.61,2.2,4.12,5.79,6.53,6.7,6.59,6,5.22,4.44,3.4,1.83,0.71,0.2,0.22,1.03,2.6,4.74,6.53,7.93,8.75,9.44,9.56,8.85,8.2,8.1,7.52,6.54,5.73,5.44,5.4,5.43,5.62,5.59,5,4.41,4.02,4.06,4.65,5.24,5.83,6.1,6.52,8,8.7,8.9,8.66,9.15,9.1,9.1,9.52,9.9,10,10.87,11.65,12.53,13.2,13.3,13.33,12.95,11.85,11.4,9.82,9.9,10.16,10.91
8.09,8.12,8.53,8.63,8.83,9.29,9.36,8.63,8.26,8.31,7.29,5.43,3.17,1.53,2.05,3.48,4.27,4.9,5.75,6.32,6.46,6.35,6.26,5.43,3.76,2.45,1.82,1.65,1.97,2.68,3.86,5.26,6.68,7.87,8.46,8.33,7.63,8.14,8.71,7.94,6.65,6,6.28,5.89,5.39,5.9,6,5.13,4.52,4.73,5.5,5.75,5.61,5.96,6.94,7.73,10.08,13.99,17.87,22.08,22.29,18.86,17.44,18.16,17.6,17.72,18.1,18.19,19.44,20.73,21.02,20.8,20.55,20.13,20.66,20.95,19.27,18.13,16.44
7.5,7.21,7.06,7.26,7.52,7.95,8.36,7.85,7.21,6.92,6.09,4.7,3.17,2.15,2.13,2.99,3.75,4.33,4.96,5.85,7.3,8.6,9.53,9.52,8.87,7.86,6.3,5.2,5.2,5.8,6.15,6.09,5.98,6.41,6.62,6.78,7.08,7.5,7.34,6.08,6.17,6.23,6.79,6.1,5.64,5.52,4.69,4.51,5.86,6.61,6.87,7.03,8.57,7.71,9.18,14.73,21.05,23.32,24.11,24.83,23.93,22.13,23.85,24.22,24.54,25.65,26.36,26.59,26.88,26.98,27.09,27.4,27.56,27.46,27.22,27.12,27.14,27.38,27.5
8.99,7.57,6.46,6.26,6.17,6.12,6.35,6.43,6.26,6.08,5.86,6.07,6.05,4.68,3.45,3,3.16,3.41,4.24,5.18,6.46,7.96,9.49,10.93,12.29,12.27,11.58,10.32,8.34,7.76,8.58,9.08,8.57,9.04,8.92,6.81,6.61,5.97,4.93,4.8,6.32,7.11,6.41,6.42,6.46,7.38,9,11.08,13.19,15.51,16.49,17,16.36,13.08,11.88,13.18,13.75,15.58,18.41,21.68,26.62,26.76,28.14,29.51,30.93,31.74,31.87,31.87,31.49,30.56,29.76,29.53,29.71,30.04,30.5,31.16,31.69,32.27,32.51
9.18,8.71,7.41,5.93,5.16,4.9,4.78,4.7,5.18,5.92,6.74,8.48,10.04,8.62,6.28,4.94,4.51,4.87,5.55,6.93,8.49,9.79,10.14,10.63,11.19,11.91,12.49,11.88,10.2,7.39,6.94,7.65,8.58,8.34,11.58,9.04,7.91,6.04,5.61,5.84,7.46,6.93,7.17,8.82,10.46,10.39,10.13,9.6,9.79,11.76,13.28,14.18,12.78,7.94,5.64,7.81,10.37,12.43,20.96,29.62,31.31,33.1,34.2,34.74,34.95,35.32,35.97,35.75,33.93,31.93,31,30.87,30.91,30.85,31.15,31.87,32.56,33.12,33.89
